0.52332
0.8548
-0.42238
0.66482
0.02024
-0.06484
0.98042
-0.7012
-0.9893
-0.52514
-0.68252
-0.13714
0.99434
0.49008
-0.32608
-0.40476
0.79784
0.38896
0.61396
0.22518
-0.72266
0.52704
-0.84382
-0.97934
-0.68546
-0.00842
-0.17662
0.93008
0.44282
-0.59648
0.12866
-0.03386
-0.74168
0.70628
-0.042
0.6056
-0.03152
-0.06158
0.90442
-0.0208
0.4133
-0.45106
-0.8309
0.73468
-0.96098
-0.15698
-0.67006
0.83686
-0.768
-0.72906
0.38908
-0.16362
0.798
0.54526
0.18408
-0.56042
-0.1361
-0.6655
-0.63034
-0.36624
-0.26198
0.82538
0.5999
0.3234
0.8587
-0.11506
-0.071
-0.1728
-0.8496
0.16046
0.8064
0.5637
-0.96356
-0.69746
0.62544
-0.92454
0.14556
-0.71758
-0.76062
0.7046
-0.44664
0.62846
-0.13198
-0.3216
0.50078
-0.9479
0.11798
-0.63532
-0.28636
0.8147
-0.00156
0.45168
0.96712
-0.07462
0.10212
0.82582
0.81032
-0.64184
-0.34698
0.96072
0.84568
