-0.105349051
-0.105370834
-0.10535123
-0.105368873
-0.105352994
-0.105367285
-0.105354423
-0.105365999
-0.105355581
-0.105364957
-0.105356518
-0.105364113
-0.105357278
-0.10536343
-0.105357893
-0.105362876
-0.105358391
-0.105362428
-0.105358795
-0.105362064
-0.105359122
-0.10536177
-0.105359387
-0.105361532
-0.105359601
-0.105361339
-0.105359775
-0.105361182
-0.105359916
-0.105361056
-0.10536003
-0.105360953
-0.105360122
-0.10536087
-0.105360197
-0.105360803
-0.105360257
-0.105360748
-0.105360306
-0.105360704
-0.105360346
-0.105360668
-0.105360378
-0.105360639
-0.105360404
-0.105360616
-0.105360426
-0.105360597
-0.105360443
-0.105360581
-0.105360457
-0.105360569
-0.105360468
-0.105360559
-0.105360477
-0.105360551
-0.105360484
-0.105360544
-0.10536049
-0.105360539
-0.105360495
-0.105360534
-0.105360499
-0.105360531
-0.105360502
-0.105360528
-0.105360505
-0.105360526
-0.105360507
-0.105360524
-0.105360508
-0.105360522
-0.10536051
-0.105360521
-0.105360511
-0.10536052
-0.105360512
-0.105360519
-0.105360513
-0.105360518
-0.105360513
-0.105360518
-0.105360514
-0.105360517
-0.105360514
-0.105360517
-0.105360514
-0.105360517
-0.105360515
-0.105360517
-0.105360515
-0.105360516
-0.105360515
-0.105360516
-0.105360515
-0.105360516
-0.105360515
-0.105360516
-0.105360515
-0.105360516
