1.8829
12.8045
12.9304
-4.09904
7.5906
-3.0782
-1.1151
-11.5468
-4.27516
-4.32082
5.07828
3.50364
-7.33818
-11.1358
6.12238
5.72808
-9.30172
-17.7754
-4.80826
14.8294
5.68246
-7.52216
8.22708
-15.9784
0.98694
4.6277
10.7512
2.39192
8.28042
4.8702
4.78284
1.65018
-6.28044
-5.30758
-7.37548
-8.98946
0.65558
-4.7162
7.04564
10.0234
-12.1983
7.27234
-8.61488
6.67852
-2.7713
3.95164
6.03172
-5.17124
6.18926
7.18118
-3.24766
7.71454
-6.91406
11.3975
10.9646
-7.19454
-4.7097
8.70524
13.3816
-10.4727
13.3307
1.85728
-5.03776
-0.76658
5.052
-8.59426
-8.41116
-10.3902
-18.1189
-4.92942
1.0746
6.89274
-0.61566
-0.21904
-6.34166
4.55934
-0.4034
3.29774
-3.64096
-4.83718
-10.9844
5.27414
1.81032
-3.94558
15.8459
-2.30302
0.17564
-2.33954
5.6652
7.9123
-7.53228
-7.49658
-0.26758
5.02822
-1.88668
-9.844
1.77266
-8.72206
8.02992
4.52076
-4.18162
-2.93264
-1.50838
-0.82708
-0.22172
5.95932
-8.45498
-3.77812
7.19586
18.8551
12.4411
-3.09898
-1.19616
-0.0519
21.5083
10.6337
-8.6194
-4.02474
-7.14524
-6.22232
12.0349
-21.6856
10.4796
-0.18434
0.2487
-1.46964
2.95644
7.4931
4.06378
-4.44602
8.11228
9.08434
-6.6256
3.37318
-4.86934
12.5179
-1.91962
6.04466
-0.66154
-10.9528
-5.12444
-6.06288
-8.53348
1.23376
4.10884
7.02196
-8.73504
-0.7944
-6.6581
7.1887
-14.7748
-4.94298
11.2016
5.98804
2.95398
5.82122
1.34588
-2.4325
7.69036
15.4751
-10.5845
-7.30968
-11.8771
-0.86132
-2.87526
-3.56886
-5.41674
-2.66064
7.8122
-0.62352
13.5851
3.9833
-4.63044
7.82022
16.7357
-15.0274
1.46566
-1.70226
-8.3117
13.2948
9.29202
-1.75028
31.9322
-12.6826
11.9933
24.8831
4.45372
4.07972
0.6141
-15.4628
9.57808
3.8709
8.4333
-10.4084
5.99672
-4.79192
0.1799
-17.0507
-4.27138
9.34986
7.40198
-7.96684
-3.57832
6.1923
2.05822
-16.2834
10.7959
6.91466
10.6195
-3.10202
-0.6241
-17.8032
3.24598
-10.4069
9.47834
6.35154
-17.6871
-6.61444
13.605
-3.78522
-3.3497
-1.06342
-2.1173
1.70338
15.9112
-0.97146
1.83506
-6.48128
-0.06306
-16.2758
-7.03748
6.09582
2.93306
-13.2459
1.61562
-2.61444
-2.84778
-0.6518
0.98532
-3.9316
1.21212
2.2715
-9.90256
3.1814
2.81336
10.0664
5.90232
4.31358
5.88118
8.65216
4.426
20.5167
-12.3737
2.72822
5.41968
0.06228
-15.6663
13.6471
-11.5921
11.2837
12.0103
3.0355
5.49386
-3.5296
10.946
-0.16296
8.25626
-13.0166
-1.76108
20.3496
7.17094
5.02502
3.07206
-2.50312
-2.83948
15.9575
6.91032
-7.01946
5.04608
10.8386
-3.57212
-7.01884
-5.17924
-6.63238
-2.09896
-7.21904
-6.0019
-4.92728
-9.0244
-0.4889
5.59058
-2.3499
2.93344
-3.65036
-1.97402
6.1244
-3.56742
-11.5674
6.0534
7.69214
-14.2232
-0.23484
1.29402
-7.81212
-2.27976
6.08942
4.32402
2.40556
-4.83166
12.4255
-2.42212
-13.4481
-14.4176
-1.54602
9.22608
-6.01034
25.7605
-0.72682
-3.3499
-7.40106
13.6602
1.78386
-6.00296
-7.65044
-12.1934
-13.0097
-9.71566
14.698
-0.49742
-3.78458
-4.10902
-8.9416
-0.6685
-3.00894
-1.05966
4.29618
-7.07648
-17.955
-11.9214
7.7731
2.48596
-1.43366
8.61138
-0.46592
-7.07612
-14.8177
-3.63294
-21.1616
5.81446
12.6303
-9.83118
5.96894
-2.51666
-2.8291
-13.7314
-10.5778
3.67748
12.5936
-11.8722
1.63364
6.1708
8.20198
-8.72574
-3.0947
-5.31906
6.21156
10.6534
7.39442
-11.4392
-3.37928
-16.4941
10.0784
0.28324
8.75356
4.46726
7.79664
6.3727
8.75432
6.54586
2.71196
2.3208
-5.01072
-5.77496
-2.98254
-3.94652
13.8611
-3.3369
-6.33836
-2.05444
18.0488
1.10124
7.1651
-13.0161
-0.70872
7.86144
9.17146
1.1736
-5.96438
-10.0655
7.12532
-11.7043
0.90716
-1.9627
-10.3245
0.44542
-0.6798
-4.63276
1.72878
12.7348
19.8148
-2.1522
3.7809
-0.70228
8.89108
-11.684
-9.32506
-4.9764
-0.59188
-1.26582
-10.9977
-5.30056
-4.68096
-20.3554
0.91296
1.8018
-2.88522
-6.69182
-3.72608
8.7662
3.06384
-0.9871
0.5458
-10.6395
0.71024
0.7022
-5.16552
-1.4048
2.2978
-17.6254
3.73282
9.29188
-11.9053
11.6764
-11.6536
-2.97152
-12.7938
0.16996
-28.8512
-2.69294
-0.01516
12.9452
-7.51704
-6.74246
8.20808
3.74738
-7.13292
1.63644
-1.94166
3.79482
-2.93114
7.86542
1.97292
-14.5862
-4.51438
2.31376
-0.85914
1.27332
-7.8341
-8.7174
-9.45162
14.3053
10.8161
0.10184
-9.93078
-15.5457
-2.34784
-7.93506
-1.35076
6.42422
-6.17934
9.28558
-8.2766
1.8334
-2.40858
-5.43824
-0.69506
8.99982
7.26348
5.95418
3.85238
-13.3307
-19.8035
-7.518
-1.1194
3.85676
-2.63718
-0.02968
-3.24098
4.6073
-12.7246
14.2616
1.23534
-3.95194
-7.08848
-4.88852
13.5638
4.02092
20.0922
10.3869
0.4678
13.5189
-3.40214
4.6301
9.07476
-4.37174
6.97546
18.0386
1.38448
2.7685
7.93846
-5.09082
-7.22452
12.3631
-17.6554
11.4113
-9.50394
-1.64136
1.16514
-10.4012
11.5425
-3.13254
-1.15566
0.93398
6.91136
1.4538
-2.75266
5.82512
-2.04746
-11.2897
0.81748
10.175
2.02898
-8.18336
-12.7188
-8.53434
1.19974
-12.0987
3.13394
9.82802
-0.4538
4.2879
-0.96598
-2.677
-2.20604
2.78686
-8.9728
7.81394
0.86824
5.25724
-15.3778
-3.4257
2.13794
5.02628
5.61812
0.58358
-4.4155
-3.99776
10.8763
3.57798
-8.59806
10.1899
3.16566
2.44302
0.81054
-1.7829
1.40438
0.81826
6.04246
-13.0793
4.93626
11.6858
-11.0989
-3.21474
6.65854
14.3502
11.8246
-3.46234
9.07436
-4.5984
8.47986
5.35936
0.00766
7.50114
10.1131
-6.4357
-5.53476
-18.3811
-15.4256
-3.05002
-5.48672
-1.38332
-6.09566
9.34834
-6.814
7.1513
-11.6375
17.0027
-4.95286
0.6546
4.54496
3.63156
-2.48572
-4.61266
-10.3527
-12.226
-15.1921
-10.3675
10.3883
1.90792
4.247
14.1629
-0.45968
-18.7169
8.71856
24.0763
7.68158
-3.73784
-8.77062
0.52114
-5.45032
3.32872
-12.4691
1.00918
-7.37622
-2.06176
8.74106
-0.7016
-9.25066
12.7828
4.18348
-3.58236
3.47824
6.73412
2.69894
2.01402
-5.42856
-7.28182
0.55496
5.0022
-0.60066
-7.58318
-5.37856
-8.49088
-5.09484
11.0212
-3.11246
-7.40128
-5.47114
-13.1871
1.91274
3.26286
11.6709
1.10058
7.73356
2.9641
-3.07468
10.1118
0.09374
-7.28
8.19362
-4.92888
-10.593
8.73686
-10.397
2.4184
-7.12984
-7.78942
0.4472
5.8633
-11.7253
-12.8872
-8.85048
-17.4989
0.3522
-2.4057
3.10458
9.85556
12.7679
4.85582
7.95988
5.20492
9.87218
-1.33848
5.78414
0.32776
4.08092
-1.233
-8.30096
-6.44106
-6.79612
7.01266
-9.03614
15.8975
-11.2935
-6.86332
-0.8521
-0.27616
2.3942
12.7411
5.4312
5.1054
10.1344
-9.71582
4.02326
5.8311
-5.07398
3.78034
-8.88194
4.2609
11.4711
3.61316
9.7051
-4.3762
12.4719
-0.85864
5.91478
2.14414
1.72644
-2.07924
8.02494
-10.55
-2.20754
-0.54294
12.2481
1.42964
1.85462
7.70864
4.25394
-5.64618
-6.74798
15.0664
12.0214
12.0639
-1.51486
-4.47594
-3.52586
2.07176
0.30286
-1.02632
10.0769
17.5259
-16.9691
-11.9605
-9.82658
0.16062
12.3382
-14.5241
-7.98604
-6.26784
-0.56994
-0.15762
-4.5782
-4.1078
13.7905
0.29338
7.4667
1.63478
-10.7753
-8.98732
12.4195
-3.9577
-10.7704
-2.81342
4.49602
3.99832
2.3766
-4.49796
4.34022
-17.7647
12.9296
0.03238
8.34168
9.28588
6.78998
2.64204
8.2111
-11.9611
6.78184
-11.6746
1.18022
-9.57716
-1.28512
-16.268
10.4437
7.26088
8.48632
-3.34296
1.91982
0.05054
-0.3082
7.92588
-2.45682
13.4242
-8.61108
-4.78126
5.03342
0.76596
-3.36654
-3.90594
-0.48662
-5.27584
-7.96336
3.53202
-3.32316
-4.33618
-0.6525
-9.6832
-1.98204
-15.3779
-8.51006
-3.13104
-3.3593
-10.6151
8.647
7.87438
13.2644
5.55984
-2.03288
-8.40844
0.9571
-5.66954
-0.81798
4.1549
2.08646
-14.2313
8.8977
17.1783
6.07544
4.54008
11.0276
-3.29676
-11.3693
2.32254
3.8719
1.97408
-0.01756
10.1603
7.2478
-8.01838
-5.97216
9.47786
-1.77974
4.09488
2.4264
0.08754
6.79126
-4.25084
1.28618
3.88246
13.7685
0.86452
1.57768
-0.04344
11.8752
9.61028
-4.9191
-8.10364
6.43194
6.81664
4.9938
-4.76344
-0.6015
-2.24682
-0.96704
4.85724
2.62058
-9.60394
10.3154
4.07554
5.97508
-5.29804
7.622
-8.8166
-3.48726
-6.69042
6.20728
-16.9832
-1.69706
-7.37554
-6.17258
5.71738
-21.1413
20.1951
5.74244
-6.88066
-7.82064
-14.4529
9.02872
-10.7566
1.8701
-10.5965
-2.53724
4.69552
3.05726
-12.5302
-4.86624
-9.77612
4.38848
-17.4398
-1.86958
21.606
-6.32088
-8.98814
-11.4464
-0.56822
6.401
-6.24694
-6.248
7.69674
-1.55068
4.04788
-1.8272
-0.93868
-3.66746
-1.10734
10.2993
8.33682
-13.6651
2.9663
0.04676
-9.6549
12.1849
4.91488
-7.46742
11.5291
7.88634
4.08968
-6.86138
0.33956
-1.94074
7.05184
15.9711
12.5728
-4.92226
-9.39164
-3.26958
-4.3602
-18.6242
7.84348
-9.93434
-0.1374
4.1541
-3.89034
0.66052
-0.15238
-0.05408
-2.24644
12.3731
4.6046
9.17064
0.29352
2.23348
4.6965
6.55332
-3.81422
14.1679
3.99676
9.35134
5.5933
-6.72296
-7.83556
11.2512
-0.24152
-10.3026
4.03936
3.28168
-8.51188
-8.42278
-2.98036
-7.97392
-3.0514
5.98224
-10.7816
0.7513
0.41276
-6.35844
-4.35464
7.84932
13.9715
-6.59284
6.46582
-3.14078
-14.8788
1.34606
14.1323
-0.2681
3.20126
1.83292
-7.84914
-6.0709
-4.72524
-4.7848
1.28492
9.22538
-7.43558
14.9323
3.74592
9.60918
-1.3952
1.52562
-2.68378
-20.7894
-3.51496
-5.06392
4.60906
0.35644
12.2675
11.163
3.76626
2.87582
3.03708
4.56852
-10.2727
2.41158
-2.816
-1.58678
-2.40122
-2.5604
8.14484
3.15216
4.7413
-5.97568
-2.37162
1.45412
1.0147
-16.4677
8.11524
-1.05382
10.9877
-16.1902
-16.0469
5.246
1.39154
5.74372
-2.4571
-6.00602
-1.58918
7.56576
16.1365
-11.1276
12.2968
2.37808
-5.52566
7.81756
1.59676
2.55158
7.9456
-1.35448
-0.0219
-25.0143
3.86404
9.16416
-17.1061
-0.14266
-16.2568
4.13238
2.41042
-2.27932
9.823
-2.9291
0.80294
24.6906
-7.41324
2.72044
-12.7325
-1.25638
-0.59054
6.5718
8.94226
-13.7747
-0.44938
-2.96134
-0.83002
-0.73204
-7.29152
-3.21942
1.17106
15.8241
-0.57956
-3.78654
2.59746
4.4461
2.75664
-2.50504
8.86788
4.21056
-9.0161
-12.4394
-3.02776
19.0521
0.59132
4.9743
8.97488
-11.3137
-10.6943
8.45236
0.89952
4.60508
-2.85
1.57382
-10.5017
-11.9652
4.98046
-4.87542
7.13418
0.11314
8.9391
5.72894
-3.45362
8.88362
8.21124
-7.70234
0.13732
-0.86726
-4.63716
-3.6784
4.04924
3.08998
-3.64128
6.54676
12.1253
-0.06016
-12.671
-3.11424
2.50732
5.00524
3.49684
16.9374
-1.64886
2.2525
-3.71944
-9.72488
2.83912
-10.4409
-7.22002
-3.97772
-6.76726
-8.02732
7.3048
0.5288
4.157
-11.591
8.86008
-9.72442
3.35124
-8.09538
0.76946
8.2153
-9.00472
-7.32096
-8.20018
-9.4987
-8.54032
-7.15054
7.44656
13.8084
-6.68174
4.18834
7.79108
1.4625
0.06202
-2.73558
0.30288
10.9882
10.6331
4.92596
4.07576
3.89224
-17.2383
-0.69128
17.9282
0.71328
16.9401
-5.43096
-11.8412
3.99006
3.1979
12.1555
-10.778
-0.51002
6.34142
-5.46988
7.29322
-2.09296
9.17636
1.9653
-1.72242
-11.6708
-12.6191
-18.336
-4.13896
0.66012
14.323
0.82468
-0.08246
9.03798
-5.4586
23.5017
-5.10292
-5.58136
-15.6014
1.066
-2.45158
4.3348
-3.35392
5.0153
1.96606
6.24146
-10.7937
-5.04108
6.56446
-7.84892
-8.64036
-1.1802
5.3117
-17.7348
2.22698
-2.0743
8.63874
0.52244
2.30386
0.71258
-0.01672
3.42042
4.69942
2.30608
5.9244
-0.70484
-0.13342
1.5884
1.4101
7.18192
17.3434
0.93022
7.81962
-9.41342
-4.02286
3.903
14.2453
0.43544
-4.58674
1.09628
-2.61898
8.94814
4.73382
-1.84318
-12.5099
3.5312
-1.90294
4.27194
3.93926
4.8763
2.47616
4.02322
-6.48026
3.91858
6.5181
2.19296
-7.45334
5.89068
4.4987
12.2492
3.16596
-4.75258
0.2716
1.6173
5.78448
11.7687
-3.55452
-5.56308
-1.5536
-0.48908
7.27922
7.0912
-5.81702
2.05826
-2.81944
8.08832
-10.3534
1.4444
-1.0665
15.3588
-3.83282
-13.54
-2.91462
-9.59118
13.9973
0.2385
1.08
-2.61002
12.6386
-12.8842
1.1446
-12.2405
-1.05548
-6.7858
23.9755
8.56986
-5.602
8.82612
-12.3909
-5.1582
0.8347
9.65878
-5.8062
4.88954
-5.83528
2.21816
1.82324
-1.17896
12.1902
-8.3728
7.21844
4.31848
-7.05028
5.50418
-4.71636
-4.16204
1.57012
-5.24184
-3.89662
-5.5683
-4.38042
11.5354
-11.9811
-8.77862
10.1335
5.11308
-1.96278
-3.34166
22.9414
3.95176
-4.72558
4.80414
-0.2857
2.13554
0.97994
3.96998
-9.48754
9.3115
-7.78646
-6.91148
5.96198
-14.2926
-1.18868
-2.64032
1.03918
6.54528
-2.15534
-1.31504
2.06212
18.3652
2.9163
16.0636
-3.35564
-10.6002
-10.4716
0.06134
-3.39592
0.22372
-7.73706
14.4909
11.5504
3.40944
2.99908
1.8425
-6.66046
-2.07464
3.30378
11.0963
1.50972
1.32192
3.34872
5.83796
22.211
-4.28092
-6.83922
2.67262
-2.12308
1.76404
-0.92236
9.16526
-4.71218
-8.69912
-5.1762
2.2056
-8.32384
-12.3026
6.45328
-4.00092
15.6221
-8.20776
-3.39974
-0.17018
-3.94864
-11.3852
-14.5356
3.60466
-10.1234
13.5515
1.48886
6.80974
0.51702
6.80308
0.08408
15.388
6.72202
-1.33262
-2.28148
-7.7601
-7.87782
8.38866
8.59246
-0.46578
1.95766
-0.54516
4.98172
6.42342
1.30484
4.55966
1.22092
4.8028
7.86282
-0.1014
-2.03776
-15.2112
-6.68388
-17.9113
-7.525
-6.13908
2.50012
7.19774
6.5339
-1.9302
-1.41148
3.49902
-13.9147
-12.7528
2.79342
9.62864
-12.1949
3.39918
-1.2792
9.91274
-10.7356
4.97468
2.52062
0.2973
4.971
10.5991
2.9585
-4.7007
9.57784
6.09852
-3.5476
10.0759
8.14408
-14.5105
9.50822
-11.4879
-9.24986
-10.0303
-0.85802
4.74284
-0.4063
-4.78414
0.98926
10.3227
17.1951
1.5807
-0.3979
-5.79944
14.2887
7.56728
-0.29528
3.2214
0.10632
4.13834
-16.977
10.5941
0.68972
-16.0417
-5.44324
-12.3496
-15.2148
-10.0965
-18.7189
-12.9898
-8.5912
4.6194
5.61956
-6.6227
-5.59368
-3.78928
8.81288
-6.16642
-1.16356
-0.50198
-4.91066
-1.20466
0.11272
-6.84672
3.40152
0.94232
3.3809
5.81024
0.72556
-8.62362
-6.60436
13.1598
-14.8235
-5.3308
1.6433
-5.58188
-1.14396
0.65224
-4.6571
-6.53792
2.5775
12.6678
15.0106
-11.664
9.86236
2.24936
0.99416
-9.13402
1.7419
-4.28432
1.9928
2.2574
-5.89968
4.10118
-10.0557
15.9067
10.0068
0.2379
2.08768
-3.44172
8.52988
-3.41638
-1.8894
0.5108
5.1877
4.58918
11.0064
2.33658
7.80558
4.94518
-4.99804
18.4184
-4.79992
3.07082
1.82852
-2e-05
-0.75406
-4.48132
-1.01084
-7.79874
8.96982
-11.8487
-8.3254
0.51536
-8.88582
-18.7762
1.30932
1.09144
-2.5235
5.7753
20.3576
0.79076
11.3956
-4.73462
-6.26652
25.2065
11.1306
-0.91294
1.7539
-11.5318
-7.02742
4.87212
12.2117
-3.32546
10.5869
-23.8017
-4.14148
-9.71086
10.1325
-17.5469
3.2525
-2.8005
-6.6258
10.7084
10.8827
0.50708
2.0542
10.5744
-10.7451
-8.72742
7.75166
4.5876
0.86358
-3.71942
3.31048
8.11914
-6.49152
9.85856
12.66
-17.7608
7.8088
-15.3886
7.93182
2.07098
14.6981
-0.82052
1.90736
-2.11894
9.48444
-9.36114
5.10456
-3.37918
2.72652
3.36534
-15.9529
2.50502
0.95114
-3.65062
5.50206
-13.1261
-3.04732
-3.3682
0.26458
2.16644
-1.35602
-5.72354
-8.52662
26.2668
1.62354
-1.17106
2.9165
-11.3302
-6.90472
-3.09378
1.07642
6.39616
-0.23854
-1.88218
14.0218
-22.2257
-9.9728
6.86682
3.0826
5.2449
-5.2805
-9.34296
0.97368
4.70982
-0.9198
-0.1988
6.72552
-23.9482
-0.69286
3.72186
-8.10826
6.15142
22.7653
-21.9673
2.12414
9.7418
-2.90694
1.26222
11.2187
-11.7621
9.96746
-4.93396
-8.36644
-12.6064
-2.4246
14.3547
0.64082
0.22592
10.6772
-4.53822
12.9003
-4.90374
-6.41746
1.54656
-19.7081
-0.35798
-0.84908
-3.47388
-0.83194
1.75744
3.8089
0.66962
5.04208
-2.41974
-3.4997
-6.31108
0.36256
0.80358
-6.62402
-5.50766
-0.46504
-13.9877
-3.57478
-9.79264
-2.62954
8.75448
-8.53732
-6.68176
-4.33288
-9.84138
9.1859
10.4155
9.45074
-5.17046
-0.34666
5.09292
1.04476
3.65534
4.63598
4.23614
-10.625
6.6428
-6.69848
5.62218
3.31036
-13.1939
-13.0649
0.0742
-6.07876
-4.11162
7.20254
-0.28556
15.0728
-4.95704
-12.4733
10.3597
7.7835
1.09508
-16.5159
7.70864
1.62928
0.24332
1.44506
2.23036
15.4536
-1.17584
7.1142
-7.31772
0.97042
4.36606
-7.89568
4.71262
-8.09888
-7.95408
-4.33046
-4.23912
7.33616
8.71034
7.96326
14.8535
-2.16332
5.42484
-5.16784
-6.67258
1.38348
10.1202
0.7872
-7.29104
-2.5358
5.04022
7.36346
-15.9742
9.37416
-2.62012
-5.0171
-7.92136
-7.73602
-4.30718
0.97926
1.09196
4.57096
-5.0546
0.49278
-12.7441
-0.07498
-1.94168
1.66704
8.38658
-20.8338
-9.08932
-4.83736
-6.66882
-4.75248
3.1505
-13.2836
7.71452
-14.5462
-13.0513
-4.20136
-11.0534
1.01212
10.3755
-8.18174
-11.7701
1.64116
-3.23762
8.15136
-3.32452
0.57118
-4.77068
11.6729
-1.72512
6.68824
22.3197
12.8406
17.9239
11.3497
-1.60852
-3.9287
-3.97612
0.9405
-6.5704
10.0277
3.52346
-10.3661
-1.85348
11.5105
22.1583
-8.23638
-9.45856
-3.8545
-6.70318
-8.5472
-5.56038
-2.96912
-2.0364
-2.87254
-4.34558
-6.27498
0.26932
12.3746
-16.3103
-2.73216
-9.81238
9.05136
16.2576
-12.7683
10.1052
8.95448
3.90136
4.88232
-7.33576
-3.8178
7.8964
-7.46032
15.0085
11.563
-4.74054
-5.17642
-4.36742
0.60268
-6.97768
15.3776
9.29474
-6.72766
-11.164
-8.49632
17.6333
12.3181
3.47002
2.37946
-5.17526
-7.70892
3.25878
-3.50732
2.90088
0.66482
-0.88478
-1.66064
-1.1298
3.69586
-2.22986
3.42482
-6.60966
13.4584
-6.53058
-7.29498
11.8073
2.37484
-5.47118
-3.96508
14.9667
9.08434
-4.92708
1.53676
-2.97134
2.20722
2.87246
3.56144
-9.95534
18.7298
1.11442
6.26292
-0.51896
10.1064
-3.62606
6.3418
6.21168
13.139
-1.0812
-11.4239
-8.70354
-10.6105
-13.1736
-0.97172
-14.4704
-7.3437
0.71708
-0.2543
-14.2191
15.2792
-7.59952
-3.1425
-9.79892
8.24556
4.8328
3.53196
6.633
-7.54996
-1.19858
16.3233
-7.31432
8.20578
-13.9664
-8.79028
-6.8606
-7.91076
-14.3158
16.8749
4.17944
5.14752
-3.93418
3.57758
-11.2284
13.3839
5.4812
-22.9023
-2.02888
-2.35508
4.6531
-4.3657
3.44308
-2.47334
-4.20564
-2.65172
8.10668
-9.25662
-0.55282
8.62744
-0.83618
14.5399
-8.95302
-2.18104
-9.21022
-2.3613
-5.08276
-6.4895
-4.944
-7.33542
-4.9061
-3.91322
12.3527
-3.79644
13.5304
22.8281
4.67874
-7.25728
-5.20692
12.1332
0.28728
2.81292
-19.5938
-4.10178
2.7404
-5.0414
-11.2182
-0.481
5.82762
-1.39094
1.26364
-6.9151
21.1859
5.33512
1.50288
-12.714
1.04868
22.5829
4.78954
1.67636
9.27544
-6.024
11.1261
-5.44514
-4.5172
-9.7502
-2.50434
6.63568
2.02194
4.40676
-16.6038
1.5708
-9.65814
-6.8823
-3.65718
-8.635
13.229
1.98126
21.1394
-1.11974
1.02642
11.6718
-11.2299
-0.7794
-5.02002
1.89546
-15.5511
-14.0314
-9.1722
1.9927
8.33612
2.93124
1.00822
-12.3054
-11.9753
-3.92636
-9.90742
-12.3601
-1.74666
0.71944
3.2806
-6.67144
9.1032
-7.76228
5.72428
5.11874
-3.73226
3.32426
1.9335
-2.35776
16.7722
1.45288
-0.6048
27.4995
2.00158
-17.6127
10.6565
-1.53494
9.05748
6.55206
-7.57088
5.13566
-0.69338
-4.1668
-0.71534
5.529
0.66316
-14.3916
-3.20108
-7.2478
-8.851
1.74892
7.60808
-4.26472
13.8906
-21.1622
3.48274
-4.36856
6.189
-0.4598
-0.2026
10.952
-1.29804
-8.48862
-10.2702
-5.58726
6.7246
-7.21802
4.09576
9.12292
-5.12772
6.995
2.68352
-1.87138
6.30482
-7.05622
1.32616
-1.88944
5.7086
-4.937
15.4495
-8.43172
-11.1293
2.68352
-5.25946
11.429
-5.71434
-1.07836
-11.1975
7.68934
13.3946
-10.6596
-10.8499
5.43538
-7.57098
-2.43126
15.5398
-9.72126
0.0035
-0.47574
7.92194
-2.20272
-10.4807
20.6294
-8.10898
0.1994
-7.9571
16.4643
3.719
-4.71718
-9.30676
-2.05626
7.36956
-0.74348
0.36968
-10.7443
6.7639
-2.0823
-1.48286
-14.7842
-1.39682
4.3273
-8.60846
4.98158
-11.0126
0.04542
9.43562
-4.0355
-2.06122
-1.3526
-11.1627
-7.09012
0.2986
-2.63534
4.40938
-2.14788
6.31144
-3.1286
9.91732
9.96212
-6.72014
-9.71294
-3.69528
5.29664
8.48198
-13.4766
1.8814
10.2866
-17.6068
-3.9844
2.40198
-8.44938
3.25304
-1.68718
-0.90428
11.9221
8.99438
-8.16146
6.64578
0.59888
-1.58722
7.90562
-4.03326
-8.53306
-1.27004
-1.62056
-6.05568
-2.49362
-19.3538
-8.51558
12.4222
-18.6511
-3.96032
-7.83794
-11.1009
3.04136
-13.5867
2.41602
-1.6628
6.69752
-2.60428
-3.83534
4.86762
-18.0351
6.59444
-0.89982
-9.01108
-7.8692
-5.44276
10.4198
11.6099
-4.49272
5.53264
3.11036
-6.54274
17.1808
9.30336
15.8387
5.28242
-1.3665
3.11008
-0.2588
-17.6575
3.80436
3.8727
-8.67028
5.52354
11.7155
7.91188
4.46556
13.4874
-3.89374
-1.37918
2.58258
-5.39662
-0.43474
-19.9242
9.57516
6.2755
-3.47202
1.27106
10.4761
-6.79938
-2.43322
-11.9417
5.65686
-2.52432
-13.177
-2.1299
-3.39732
-13.246
14.1345
-12.0043
6.22536
-8.89514
6.79518
13.8365
2.81474
-6.24884
2.40522
0.91944
-6.98598
6.65906
-10.4825
11.9656
-1.47506
-1.6023
1.11518
2.13994
-1.75728
-0.37594
-10.7512
1.69844
-0.91766
-4.10046
0.81146
9.40364
-21.6985
-13.259
10.1222
-11.4907
1.8332
9.04438
-0.76814
-0.79708
0.45612
10.7196
-3.16626
12.4881
-19.1174
-1.56322
-3.57106
4.55416
10.6381
8.69824
0.93486
5.81454
0.3103
1.16388
-8.16158
17.6127
0.61068
1.37428
-5.40106
2.01518
-6.10398
5.26238
10.4919
6.3782
-1.31512
11.6341
2.23124
-1.37026
-1.49736
-13.1317
-3.37348
-8.77548
-5.89796
-0.9996
-13.1439
-1.54188
0.44816
3.92922
-2.5867
6.19104
3.58878
-13.9086
-2.81848
0.81316
-17.0808
-12.1015
-4.64578
-13.7637
-3.05218
12.5394
3.27814
11.0947
-2.4354
10.1567
7.71406
-5.9832
0.69076
5.40244
5.28006
-5.17352
3.53564
9.61536
10.4443
-2.21042
-3.40432
-24.2918
1.82262
2.84522
-1.46176
0.86314
-6.85998
3.2474
3.1953
4.21862
-2.44998
-7.52468
3.64402
-1.9525
-11.5444
-2.91688
7.97088
-0.21582
-0.04772
6.234
-5.57652
-1.02064
6.64958
0.80106
-5.3983
-1.24688
-10.2192
1.90082
-13.0203
3.43708
-18.8861
8.93222
26.7698
-11.5979
-13.3164
-5.16826
11.6231
0.94908
-4.66542
-2.79472
1.70382
3.67234
-5.3382
-1.56662
10.5389
9.4498
2.08934
-7.35726
-8.11462
4.15544
2.70534
-3.01426
4.00634
9.22004
1.78328
-11.8521
-0.39188
-2.45146
4.97942
7.36184
20.1346
-1.9705
-4.17504
2.99496
-6.10876
-4.56626
13.2745
-4.55654
-10.9886
10.1272
8.93698
4.40338
-10.1208
2.6912
-2.22266
-11.3742
1.14104
-13.4492
-4.00368
-12.3994
3.0067
12.6257
13.7283
18.0505
9.95144
1.66574
-2.42296
-9.4453
-0.14154
-17.4061
-3.67532
-0.08306
-16.483
6.10094
-1.19222
-0.94184
-8.50012
-8.33292
5.37298
-4.04938
1.2894
-10.9567
-6.50562
-4.49468
-2.1638
-5.4309
-3.58896
-7.89002
-10.252
6.66914
-11.1089
-9.05094
2.30682
13.2205
-6.0021
-5.04408
2.24496
4.06806
5.2589
-0.29342
2.97466
-6.30652
-3.65132
-3.70404
0.79924
-9.57228
7.55314
8.6816
-15.0209
-6.48194
-1.4084
-5.67506
-4.11726
8.09866
-4.90766
11.2277
-3.33522
14.3738
1.09914
-1.43912
12.6831
1.73696
1.57216
5.51942
6.73582
7.4797
0.24456
-0.09358
7.93916
-6.85834
-8.94962
-10.8748
-4.27116
-1.72058
1.47282
0.3024
-0.66908
16.6439
-1.95916
-7.62408
-11.449
-7.62214
4.50856
11.0795
8.88186
3.64832
-9.05718
9.78014
-1.37248
-9.45884
-8.43456
3.89694
-14.0736
-1.75956
-11.7421
-9.2856
1.46162
7.5086
-6.34276
-0.41628
-2.9901
-3.21272
-2.87984
-6.26116
10.5889
12.519
-0.92232
-8.61454
-7.2694
13.9302
-4.93808
3.98784
-3.4768
-2.00646
22.5567
7.5197
2.0631
2.32912
0.02726
-3.0555
8.04332
-13.8126
17.2642
-6.13484
2.00604
-7.32662
7.68442
-3.13924
-2.33794
2.01726
-1.74422
-4.19278
10.275
-17.9996
-7.6649
-5.13588
-2.11926
9.54522
-13.4502
10.1826
6.67452
1.96148
4.55872
-4.4925
10.978
14.2757
3.6877
4.12122
1.01266
15.1551
-10.9306
2.14244
0.39416
-1.20676
-1.38676
7.011
-6.25606
11.6313
-5.54358
8.64298
0.27076
-11.1222
-18.4171
8.15586
-9.7268
7.15448
4.81308
5.56008
-0.5927
-7.44328
-5.37698
16.3196
-8.27312
4.06912
-8.35742
-13.58
13.353
-5.67252
-4.89724
-13.1047
7.96138
-13.6501
2.03912
-2.26316
3.67892
-11.0343
1.00496
-3.45684
3.13412
19.6388
6.90136
-3.58674
0.4431
3.0847
0.40392
11.0002
-17.6605
8.26924
-4.08882
16.7332
-6.732
1.07712
-7.50244
8.5112
-5.18252
1.5562
23.1344
-10.6839
-2.73154
-0.23428
-14.1363
9.8402
11.5976
4.82192
3.6422
-7.93152
-0.62034
2.89652
0.31242
6.7664
-3.50838
1.98288
9.32738
0.2968
-4.57394
0.863
-18.2666
-0.0555
-1.17396
17.1918
8.42388
4.28448
4.9348
1.8805
-3.46624
-1.35726
-4.16388
-1.48974
-5.79784
-11.9101
-3.37454
-12.4002
-3.15174
-0.67754
-1.40514
-7.84682
5.53818
-9.59492
13.8852
5.63706
3.94106
-1.0377
10.2946
7.67586
-5.75564
6.96338
6.11314
-9.91804
6.4552
4.34046
1.5579
5.72228
5.29098
-8.55364
16.5332
-6.393
1.70406
-14.3734
0.1709
9.19588
5.80742
2.52514
3.95094
-8.04534
-3.1516
-4.51398
2.35996
-1.3859
-0.66256
-3.5288
10.6137
-19.3893
5.61654
5.87668
-3.53526
3.99586
-19.0721
-12.1618
10.4114
1.537
7.95184
-7.09982
-21.2546
8.1851
12.4169
-5.54648
-7.05742
-11.3331
6.3401
-11.4265
3.9431
-3.86886
2.90942
-4.58376
11.644
-1.19152
-6.26806
13.806
-8.62974
13.4347
5.36288
-14.3212
0.16152
6.9186
21.0514
2.06426
4.62094
-2.99022
-4.37598
6.35578
10.8239
-1.51908
-1.74464
4.39188
-4.06742
3.83502
-21.218
0.86192
-5.13704
-0.65732
-13.2475
7.43952
6.20086
12.919
1.6601
-6.43048
-18.7655
0.77494
6.40702
-0.57968
-8.79484
-2.50422
-5.25058
0.55766
-22.8011
-11.112
2.05534
-2.35798
1.73166
-5.05078
-2.82848
-5.32728
3.45966
9.86924
-9.3795
-5.83884
14.7419
-9.5722
-7.261
-0.95542
6.20178
4.71824
5.29084
-12.9077
-12.0978
5.71718
11.1455
0.58466
-8.35372
9.78372
-10.4352
-3.62732
-2.17512
13.1475
6.12248
3.48542
1.78144
-5.29394
9.5483
0.26384
1.85144
4.80568
6.1212
15.255
-0.31246
-8.80574
-6.87996
-5.99524
10.5629
12.8738
6.98856
-6.9927
-11.778
-2.41606
9.83354
-3.1826
15.1152
6.45906
-1.97998
-13.1328
17.7876
-3.09754
-7.10982
5.46868
-10.5749
-3.41916
10.2403
10.7295
-7.82424
-12.7526
-6.31992
7.57028
-9.50262
-5.8885
-3.17036
8.324
-3.67444
-7.1223
-5.76108
4.01392
-6.10888
-13.3984
-2.24786
5.95896
-9.53616
3.68648
-7.16476
-4.34408
-7.86444
-6.6554
15.1861
-8.12042
-9.64218
4.39724
5.19636
-17.3604
-16.1498
-5.14126
1.58998
-3.85422
-2.8248
8.77336
5.32616
-7.4901
21.7683
13.7752
18.7369
0.36572
-2.91112
2.37492
-4.2852
5.03286
-3.79864
-5.68726
-8.32032
-0.31794
-11.9345
3.39752
-5.15834
0.21174
-12.1731
-3.07166
6.75224
5.56892
1.09288
7.49052
6.4782
1.44394
2.62018
3.78908
-21.2769
6.43944
-0.80276
-15.4689
-9.08508
-12.3195
6.22354
-4.80754
6.6929
-9.5467
12.3436
-1.77414
23.5232
14.2663
0.71036
-0.66546
-2.40372
2.50976
9.28866
-11.0398
-2.61838
7.0384
-11.501
10.2911
3.62314
-13.7998
3.31416
-9.14084
7.42438
-3.9132
-2.04618
-3.88086
8.84116
7.66354
-1.71664
7.21816
-1.04604
-8.29988
6.52584
5.7074
17.1089
21.7719
-0.61568
2.98824
2.87132
3.78104
10.3493
-0.70038
11.5819
6.05224
-4.3381
13.1107
-0.53482
-8.43
-2.82206
7.32504
12.0694
-2.0692
4.31726
0.62426
-0.02238
0.9968
-10.8633
-5.92616
-4.4982
13.6183
-2.42554
6.70672
7.41944
-17.2363
7.72676
9.772
-7.00136
6.40578
-1.90222
-1.10088
2.0933
-0.03698
-9.47224
8.73588
10.2309
5.02266
-8.1301
-6.26054
6.85562
-5.54072
4.34658
9.04248
-9.80282
-0.19196
5.551
-6.83676
3.53036
-16.2331
-6.32544
-11.8539
2.04554
-1.87102
0.14066
5.62022
4.03798
0.59032
-13.1584
-5.40322
-2.53632
7.69492
7.04612
-6.4832
-3.46058
3.41274
-6.31716
-5.88436
4.01058
14.4924
-2.2859
-13.1667
17.6926
3.30478
-9.07706
-5.21098
2.41842
11.4582
3.67188
17.5419
0.619
-9.29898
-10.8696
18.171
-1.29066
-0.7909
-4.47852
4.73488
7.53104
-0.62282
-16.2369
6.0707
0.99914
13.4896
14.0745
-1.29104
0.41984
9.72788
-7.9163
-6.49342
-3.61934
8.66906
1.50216
-5.77982
16.9331
-4.50956
-3.16132
-5.44674
-9.5467
13.4669
15.0494
-2.01394
7.43246
10.418
-5.76326
4.6557
5.42468
7.99258
-19.9701
-8.17288
-4.03716
5.54946
1.10958
17.8573
-0.56244
2.19942
4.29754
-3.42182
2.96568
0.65382
-0.30452
14.4225
-3.65956
-3.93102
14.2786
0.2229
7.66268
-0.4657
-7.07762
-6.45882
11.895
13.8686
-3.67886
-3.8485
3.2065
4.34778
-10.2828
-9.12634
15.6895
-2.40616
3.43552
-2.71042
-7.08262
-6.98536
-8.89536
-2.74636
7.10108
2.06044
-7.10802
5.96174
-1.71178
2.18322
7.08036
-4.80764
-6.26354
3.57818
4.7438
8.04662
6.48284
11.5223
3.40556
13.4399
8.47144
-5.13364
-10.4857
4.77706
2.38174
-4.70284
-14.3413
6.67636
-4.06048
-2.19834
-9.5985
9.13478
4.21166
-16.9846
-7.59042
0.5114
-5.73702
11.3086
3.53256
9.58282
-7.42226
5.7487
11.2463
7.9269
-6.35316
-2.94224
16.3958
-4.92136
7.55228
1.7634
-1.79038
-6.74054
-0.60028
2.5944
-19.4485
7.8924
-5.83052
12.6993
2.0583
-11.9126
-3.21872
-11.0543
4.26078
6.17258
5.10918
-3.81846
3.73964
4.0479
-11.201
-3.99428
-4.62146
-12.7096
-3.6482
-0.97812
-5.58274
5.75372
6.03836
17.0682
-5.08728
1.23762
-3.3411
-7.16094
21.5607
4.19098
4.82142
-6.80618
7.43006
7.55982
-15.5039
-1.16406
-0.28206
-1.49792
1.07922
-0.26232
7.68076
-2.7422
-3.27032
4.1209
-9.0623
-8.78088
2.47374
-16.3919
-5.31348
-9.74098
-4.31568
-0.6754
14.7521
7.25988
-9.70406
-2.54662
-12.2765
-12.4474
-7.65234
0.81426
4.08236
1.31526
4.94736
-16.1107
-3.679
-7.32428
0.00044
-0.95248
6.02624
-6.3784
-3.80772
-0.7165
2.95874
-11.6019
-2.78638
-0.6613
-0.35484
-4.39632
10.5327
-1.62652
3.95418
-15.2312
12.623
-3.83636
-3.3876
-5.1113
18.1818
-1.86436
3.35142
10.9594
-3.52316
4.2377
-14.4544
-15.3213
-4.78938
6.43374
0.82106
-1.03788
12.2193
0.78216
5.02608
-1.01924
-7.4079
-1.4773
-12.0155
0.10592
-12.4831
-3.51052
5.74926
23.3952
-1.77446
4.5356
-8.68194
5.4055
18.68
1.43154
7.52214
3.1986
-7.31978
17.547
0.29434
-8.55062
-6.98566
-8.95722
9.23006
12.4865
3.43446
6.75506
16.6587
-3.75322
-2.1312
1.46182
6.67706
-1.54906
-9.68484
-7.4951
7.02148
-10.5641
-0.86858
-11.4927
3.15436
-5.40354
5.10032
2.55496
-2.06808
-7.15586
-21.1071
-1.85254
8.04206
-3.83242
-8.71362
-4.34614
-0.16304
9.10162
14.1768
-5.10372
1.66442
-15.5337
-0.53866
2.83102
-0.04938
-10.2591
-5.56876
11.7159
1.96248
-12.7575
1.81104
-13.4172
-3.72544
-1.72704
-4.64042
-0.7668
-7.22476
-5.0568
3.74204
-4.08624
-7.08126
1.56762
-17.8499
16.4391
0.33086
-2.53398
-19.382
8.29934
8.5516
12.1578
-1.18118
15.4394
-18.7278
-7.04988
16.0647
-9.39866
6.66684
7.0366
-18.9989
11.1428
-15.227
11.379
-8.12478
-7.10088
12.0921
-14.5777
-0.25838
5.49672
5.30024
12.2396
-10.4618
15.0324
4.78146
5.19504
-1.74838
8.12812
-7.28662
-8.50422
-11.9886
16.7283
-10.6754
-1.70932
-7.42956
-5.2818
-7.89204
-1.96756
-6.02802
-2.59254
8.33914
-9.53054
11.4695
5.94864
3.61406
6.10464
-3.20954
-10.4554
2.51316
-9.09294
-10.1066
-7.63744
-4.8736
24.492
-4.09726
0.14354
7.1226
-2.01798
13.0473
-2.22882
-1.30574
-20.8457
-0.14188
10.5359
4.18904
-7.002
2.53124
-17.0245
4.80706
11.2661
7.97884
2.00478
-15.6949
-0.98838
-0.01308
-5.3454
-4.8116
4.40662
0.38174
-6.83582
5.48102
-1.92832
3.93226
-1.86886
5.496
-9.647
-7.48404
6.02074
2.0451
0.2746
-11.0361
1.68862
1.68462
1.2544
-7.69714
-0.41332
-11.7465
-8.46292
13.1014
-8.00272
-3.94826
-0.80662
5.68934
18.2362
-4.90562
1.62546
5.48966
-2.83676
-2.3258
4.60898
1.43256
12.2529
-1.84516
3.91764
1.10474
-8.9085
9.06408
-17.7629
-8.79636
-7.50376
1.25674
-5.53718
-4.46486
-3.87654
8.363
-1.3502
7.18516
1.13658
-15.4681
-6.43636
5.09282
-3.14632
6.4819
7.33304
3.24834
2.9576
4.4804
7.02476
-3.56672
-4.83074
-11.4985
17.7459
-12.2876
-3.4069
-4.47366
-3.29656
1.30308
-21.5091
2.67494
3.90536
-2.69358
-2.63512
5.01722
-5.6258
-8.96404
-17.9431
4.99596
2.14292
1.39576
-4.66864
13.4546
2.80798
-19.2016
-15.8174
-1.3219
8.16002
5.6425
-13.3702
2.2642
13.5364
-0.64708
-2.2799
-15.8921
13.2932
-5.50492
-7.497
-5.27034
0.4776
-6.78874
-11.0433
0.51884
-4.36448
-7.15178
5.77694
-2.54512
3.44386
-4.367
7.9741
-11.2098
4.70424
-7.80964
-6.4619
12.2223
10.7483
-5.33848
-7.03858
5.40286
4.26966
-0.58394
2.12778
10.0648
2.00272
8.42398
9.15224
5.6117
0.47988
1.86414
2.54572
15.3814
-8.45878
-14.9028
-11.2986
-1.84964
-4.80292
7.55184
-0.07984
-7.96462
4.7289
-7.9564
7.65224
-10.4107
-5.93506
7.12364
5.75028
6.63634
1.22188
-1.29926
4.49812
2.1536
2.50036
-12.9739
14.9324
7.18506
-0.19446
6.32444
-10.8912
-0.42376
2.14708
14.2695
-1.27908
1.2678
-7.72128
-1.52234
-15.7661
-0.97896
2.1954
-10.2711
7.88514
0.07444
15.6942
-2.53382
2.91654
-4.8043
6.21862
7.34452
15.7405
-15.138
-4.9076
-4.9018
-2.72088
-4.61882
1.05326
-1.3363
4.70766
-23.3613
8.10426
-1.01376
3.43356
-26.4078
-3.83318
10.3135
13.1785
5.75452
1.51154
-10.401
-8.73482
12.2193
-9.2703
10.3944
14.7244
-0.1125
5.78918
8.75492
9.31394
8.15106
-3.45604
-0.01116
4.93732
-1.63824
0.43812
5.81546
-7.30708
0.79306
3.47796
1.09744
-10.5735
11.9273
-7.03814
-2.04484
5.56572
6.88492
-14.3559
-3.271
1.94038
4.46902
1.56864
-2.41436
8.6137
1.01294
5.50348
-8.62566
-3.80938
-8.48678
5.60754
-7.4031
-7.96148
1.90088
-17.9289
2.1847
-4.26668
3.63072
12.5942
6.67602
9.60224
-10.9365
-6.41442
-3.90496
9.83234
0.40218
-2.79026
14.1192
3.27358
-8.32786
2.81664
-15.7943
2.24964
-13.1456
-5.23494
4.02214
3.1481
22.1454
7.71014
3.19112
1.0051
6.83468
8.8319
-0.3025
2.69048
-2.46358
7.41792
11.9051
1.85648
-1.7659
-9.1147
13.4495
6.92522
-9.88924
-1.31908
-1.32908
2.55068
10.8705
-9.24032
-14.35
9.04218
1.69788
-13.3813
5.00986
2.87886
-17.1288
4.43652
5.34392
10.4514
-1.73224
-8.37734
-3.93052
11.0585
-4.82744
10.9969
1.7912
-1.38072
2.13456
1.231
5.61856
0.28784
-6.28004
-2.31446
-3.46484
11.0039
16.9731
-1.6759
11.0821
1.46768
9.5589
-0.44908
11.2037
-9.9593
8.91572
10.4605
8.94292
3.39264
12.6354
7.33338
6.90842
6.68246
-10.3915
11.0504
-5.34716
-5.85254
5.66844
1.08208
4.63922
-5.619
-10.4543
15.3357
-4.6067
6.47626
19.0375
0.8513
-3.32072
-13.3499
3.67378
-2.19606
4.12236
8.94368
25.9105
-14.2212
8.99174
1.68958
-6.49514
6.77664
6.33876
0.4668
5.59414
-5.64402
9.71786
10.1046
-5.98694
6.4537
-0.74986
3.07842
-9.88464
4.7359
-10.6425
1.44386
11.7149
7.32114
-3.06306
-0.87124
7.4655
-0.2228
-1.09912
1.51622
-5.96206
-7.16112
3.33982
4.23962
4.32716
0.94408
-8.67122
-8.92378
-1.62702
19.7128
1.18104
0.93674
0.49548
-16.2491
-10.5413
5.7733
1.59786
2.51868
-0.42066
-0.87938
17.5886
-16.3732
2.41712
8.33074
-8.66522
2.78312
5.18616
-2.63
-2.52072
-0.9144
-19.5667
-3.96474
-5.57998
-7.21286
-3.77606
-11.4537
1.30248
9.68664
-0.43114
8.86516
-2.58832
-0.05734
-4.57162
-2.5896
5.163
11.6998
9.51646
-0.907
0.06518
-12.6325
-12.4989
-17.1314
-5.88136
3.89284
-4.28062
-7.11762
6.79534
-0.22182
-5.47192
2.0961
1.421
-9.9629
6.83708
-2.10736
6.8142
-16.0839
-15.9793
-2.15574
-7.5541
-0.02304
10.2874
-2.91798
-3.92898
9.00342
-10.0018
15.9818
-12.7743
-13.8337
-5.30252
1.89034
-6.43926
3.40548
4.79574
-12.3954
-2.24716
2.30568
14.9016
-10.2217
-7.45142
10.258
-7.4617
-6.22554
8.86782
8.4096
-8.93656
1.31888
11.734
6.20252
0.40048
-9.94782
6.3746
7.30138
6.28078
-2.39166
6.98574
-9.2374
-6.82672
5.31818
-1.43398
1.86204
0.16472
5.09756
11.1866
-12.3343
-13.3123
-3.6119
4.7331
-7.21938
-6.74634
-8.92148
-5.99034
16.7119
-8.28088
2.13686
2.61512
5.49874
17.3528
-12.0792
13.2728
-10.7659
6.76566
11.3707
8.50308
-6.23212
11.6297
-9.56108
-3.8832
4.60556
-5.33512
5.16894
-1.06972
-9.20176
0.27826
-4.09064
-9.95404
10.719
-14.0583
2.64588
3.27764
3.80522
-7.46368
3.49056
-5.99138
-0.58358
1.65284
-19.7543
3.70356
19.7061
2.00434
9.38646
-10.2059
-1.26344
2.87878
-16.9933
1.29852
-4.30162
-5.84926
0.64838
-1.4407
0.09942
17.4804
13.7856
-5.15562
0.55588
2.94416
-11.253
-10.0148
11.9848
6.32398
2.71046
-13.0647
-18.8199
11.5006
-11.0582
8.8908
-9.39152
7.3374
0.11976
13.4916
-10.7052
0.02116
-21.4274
-3.99748
-8.82796
-14.1226
11.8446
-10.4164
8.6218
-0.15502
4.78522
-0.85128
-7.50132
4.32528
-9.7214
5.20568
-3.04522
-1.65682
-9.65422
2.18504
-2.98966
18.3049
8.04974
-14.0066
2.98742
-1.64618
0.07048
-6.97184
5.47354
-3.38786
0.67032
-1.0974
-0.1079
0.16668
-7.63382
12.014
14.6335
-4.22132
0.556
-14.0411
8.20528
-10.1474
11.2524
1.47194
0.47478
6.1815
-3.29252
9.2213
10.407
-9.16242
-9.463
2.9385
-3.35976
0.13946
3.08138
0.53318
10.2534
-3.29708
-4.59562
-11.2284
12.3949
4.5289
3.66642
-19.36
-12.6064
-2.3745
-6.19226
-3.17488
2.80698
8.35518
9.76356
-7.72418
-9.19184
9.82596
18.221
-9.66718
8.18104
1.53708
1.78226
-2.20424
-17.5757
-9.29004
6.3573
1.12804
0.03776
9.94522
-4.29804
-1.61882
-11.6125
-11.7003
7.6676
-11.6598
8.96164
-4.97388
16.581
-8.17088
-3.24896
-8.1508
-15.915
-3.32024
-3.65278
2.0404
-17.4185
-2.34744
0.90558
-5.51934
2.14724
-1.76556
2.104
0.42376
-2.17002
7.15248
3.51388
-7.20334
11.6298
-12.0114
-12.545
0.66738
0.33364
-4.3891
0.10922
-7.56074
-3.40658
2.33834
1.77528
-0.44756
-9.70892
-2.6312
-5.6233
8.6159
-1.94902
0.0383
2.0897
5.12104
-1.69326
-6.80522
-3.3412
1.08432
6.25848
-1.05642
-13.8127
-10.8046
-2.49228
14.3808
-6.0614
6.65456
-5.81328
-6.05822
0.13464
3.91214
4.79832
1.21462
2.44
4.41898
-2.13096
10.8431
4.7992
7.75828
-8.99398
3.65982
1.29796
-2.68986
-7.13484
8.73166
-10.632
2.38794
24.9375
-2.3186
-0.33392
9.99462
17.3082
16.6373
2.24942
9.66782
6.78048
-13.4122
12.945
-3.36826
0.81212
-5.49062
-1.45204
2.64996
-15.975
2.2419
5.57046
-3.66062
2.38454
-8.07122
-3.2307
-0.8334
6.56286
13.547
3.4637
3.06596
7.07862
13.7886
-1.06602
-1.48992
15.4784
-0.46026
-4.53294
-0.451
8.39974
-3.09066
-18.2749
-9.34744
0.47584
-7.89234
-0.39872
10.0859
-9.07346
-14.3318
7.78678
-8.34948
1.2008
-11.5504
4.6205
8.0561
-10.2942
-0.999
-2.968
11.8003
7.87468
6.10986
-2.63088
-1.66868
0.18018
-16.7413
15.9934
3.23232
-4.34804
12.0054
1.5274
18.4577
12.8237
2.4309
-6.63458
-8.6661
0.27856
0.68716
4.49712
-1.75264
6.75704
-6.91024
22.6225
-3.98796
1.01044
-1.16056
16.4236
4.64844
16.4683
-4.9902
-5.0461
3.44604
-7.87744
-5.24996
-1.19214
-0.12098
-13.3748
4.21966
-3.50612
-13.7922
2.09932
4.48684
-1.74358
6.9552
2.88174
3.10334
-4.6492
2.40634
-10.2899
14.7516
-16.0885
18.1245
-0.11022
0.16874
2.2865
-8.98654
-0.48196
11.7415
9.95148
-0.37184
-8.28774
3.71906
7.61398
-0.27882
-3.50706
-1.80828
7.35742
11.8865
-8.9647
-13.5497
-3.01254
-7.201
5.79602
0.23668
2.70134
-1.82976
13.2082
-2.8435
-5.60298
-7.93456
-10.0736
6.26628
7.6956
-16.4434
-1.53466
0.04974
-9.48722
-5.9622
6.75782
12.9956
7.47876
-6.06426
-24.8061
-7.06342
6.62816
-7.91378
-9.88422
-8.60268
-8.12318
-0.84858
-2.88124
-21.0965
12.732
-1.16204
8.03418
-0.85728
-9.74048
-4.3971
11.6392
8.43284
-10.0785
4.48994
3.99548
1.1362
4.4212
7.34364
4.9551
17.273
-3.76034
7.1234
9.15264
12.6242
-1.43574
-11.2185
-5.50932
-2.30724
5.97124
4.47594
1.48798
2.53154
-1.0414
-1.48304
3.7066
-17.6144
4.73154
-0.1107
3.12824
4.84406
12.4029
-11.5743
0.71054
-0.18458
4.82406
5.03964
2.2946
-4.21014
-2.2794
12.1196
-3.24634
4.64654
0.29512
1.9303
1.40682
-11.2746
2.31816
-2.59368
-6.6095
-10.0567
3.24254
-0.54934
-15.0806
-11.5433
-7.97456
0.30802
2.68826
-7.63674
-13.1543
-8.92294
-9.51172
-5.75188
-7.5718
-7.37928
-5.4171
-12.1791
0.97038
5.00336
7.91594
14.2937
-12.8129
3.09814
11.9313
0.29494
-6.767
-5.02252
-4.3836
0.11622
-2.26618
10.5408
1.71296
14.9645
-0.93776
-7.40994
4.46504
3.38068
5.67494
7.81784
0.57126
-5.9898
2.10898
0.90106
9.34888
-17.2475
11.7364
1.0955
3.76972
-9.55344
-10.1472
8.89598
15.7918
-2.34214
-9.9828
15.8906
7.44004
-3.81768
4.69634
-12.4436
1.48084
7.26646
-12.3489
2.46954
2.61352
-5.0275
9.65416
-2.32252
3.4201
-7.9364
-0.53256
3.31164
3.6764
1.58688
0.37922
7.47164
-1.4669
1.8141
-1.92044
3.80452
9.70348
-0.57546
0.46572
9.54858
-1.29812
-8.61282
-14.0063
-3.43524
-7.83818
11.7324
-4.47596
-7.4523
-7.36694
7.0922
3.30578
10.7432
2.59424
0.91608
-0.00508
-30.0193
-3.14476
8.9405
-3.0493
10.2666
3.3555
-17.624
-0.03246
2.7991
-4.75424
-4.38202
-10.0015
-14.0986
17.9721
-4.94328
8.66282
7.45516
-9.97152
-10.009
3.614
-7.02466
8.14334
-8.11946
-10.2587
-1.82748
7.29076
0.2873
-8.14878
-6.03504
5.57574
5.71198
-2.3331
-3.61514
4.55486
-0.81454
-4.76382
-5.6538
-16.039
8.89338
6.03054
-0.15124
6.53142
-2.18054
2.59448
-3.18486
3.23964
10.8598
-1.17224
-3.32256
0.41506
-1.3727
-15.0092
10.177
8.8406
-10.5525
10.5304
-8.75024
4.14782
-3.05972
-2.76972
-11.9826
0.85076
-11.6758
-7.58562
-2.43624
-6.1084
-5.15194
-6.22928
2.02344
4.26268
0.20664
-2.1129
15.6341
1.46588
2.4956
-0.5902
4.5816
-3.06188
-14.2135
-2.35418
-11.0289
-0.70796
-0.62352
4.30568
-1.7507
-6.52468
2.10912
8.15378
-8.26108
-6.87852
8.60832
-22.1233
12.0916
1.7925
-0.2711
-6.3783
-4.81704
8.73672
-2.89852
-3.60452
10.2419
-0.55858
-4.70336
-7.56016
-1.04558
-1.71136
7.89866
6.14988
-19.5028
-7.49552
12.7732
9.30136
-0.52854
11.0379
1.92994
-6.97506
-3.45546
5.2129
16.4877
3.23758
-8.49794
-14.2173
14.5685
8.6963
4.6496
-4.43744
-1.97556
8.70366
20.0462
-6.30128
-0.06352
2.56988
1.591
0.62776
-4.79836
2.71838
3.36376
-4.61776
-13.9236
-10.3731
-2.94064
3.69512
23.9762
-2.8903
-6.55296
0.77478
8.38706
3.38982
4.96196
-2.1856
-1.79286
16.2566
-2.2578
0.75712
1.17856
1.78188
3.21332
9.3905
-2.66738
8.84832
18.2752
-6.62052
6.25342
10.2252
-1.46162
-16.709
10.4632
0.20414
-4.62746
-10.5785
-4.02982
1.80744
-11.235
2.12802
12.6822
0.99274
6.84924
-7.31802
-15.8759
0.57274
1.71496
-2.94552
-6.4489
-16.7676
16.9672
17.8024
20.9935
-7.414
9.62982
-4.53254
-10.6927
-1.51494
2.59484
-6.53116
-7.13052
4.82538
-0.71834
-12.9313
-16.7006
8.17234
10.5468
9.72872
3.81396
3.29392
-10.7325
11.3174
-0.5167
6.89922
0.17324
6.49866
1.05084
3.90232
-7.01124
3.33778
6.9718
11.7784
-6.58128
-8.34808
15.6903
5.82096
1.58512
-2.00932
0.84532
-2.83568
-1.66454
0.63476
14.1602
-3.80402
1.93634
0.56638
5.6335
10.0619
-0.66438
-0.77734
-0.907
4.42902
3.4157
-1.14702
3.05908
-7.30322
9.69872
-5.36046
-0.92832
4.9876
-3.07516
16.824
-5.22892
-2.83848
1.74662
2.67018
-5.84902
-11.4548
-13.3323
13.6427
15.9145
-10.5622
-15.278
11.4465
1.53236
-4.5629
-2.88994
10.0185
-15.4919
-3.2127
3.01508
-9.21546
-9.53384
-1.50026
0.7894
7.50894
-12.6144
2.07508
14.3017
-3.59498
-7.08026
3.07356
2.4625
2.39176
3.0288
3.95742
5.5107
3.35092
-10.7863
-4.58622
-1.10808
4.93246
-1.36812
-2.04026
-0.28126
-6.07314
-4.53318
14.4962
-4.39372
2.23664
3.9022
-15.7335
15.8674
6.6889
-6.24336
6.4443
18.9094
-10.3877
9.20666
5.55366
-2.49438
2.84912
-7.0181
-9.58584
13.4111
-4.32078
6.4342
3.57364
6.6938
-6.22944
-8.26184
-0.8264
-7.13456
-7.747
2.83078
-4.38678
-1.79944
-13.1768
-13.7396
9.7351
-11.5349
-4.23376
5.1784
-6.39512
-12.2204
2.49006
-4.62476
-4.9803
3.53114
2.94398
-21.3483
1.21192
-0.27476
7.28408
9.17882
-13.6353
-4.27292
-14.9431
-13.7376
5.29692
-2.61118
7.91952
23.5619
4.12724
2.99194
-5.28182
-13.5965
-3.49398
-1.86796
13.9655
-2.36766
2.44116
-1.89136
-5.13462
2.73956
-4.73214
2.34834
10.7519
-0.1485
4.6191
-8.26504
6.69634
-2.03354
1.498
9.1865
7.04242
-0.83298
-6.54916
-8.31754
5.67152
-7.62184
-0.10508
-8.97122
-1.20036
-1.76714
17.1834
2.1078
10.6171
-15.4626
4.97042
6.97094
-4.40838
4.92194
-4.54622
-3.89556
-3.82522
2.21362
-3.86876
-4.36516
-4.48718
6.11754
12.7564
-18.4517
1.95718
2.83572
-3.43114
2.01132
4.8804
10.859
-9.01014
-4.8498
0.28482
-5.45028
-14.4352
0.94588
3.74838
-9.97532
6.12908
-2.17222
-4.8772
5.6723
14.9698
7.12604
-8.25452
-8.88966
-4.13406
5.0966
-5.82664
5.90762
8.01764
-12.5472
-7.52968
-5.05772
-8.0661
-0.8245
1.3326
3.71918
3.45392
-4.75552
-11.4414
6.70428
8.55264
8.6329
-2.36246
7.17496
17.0217
-5.83126
4.89928
-8.36104
-3.69964
5.12232
-2.25134
-10.9211
4.47986
-7.1424
0.96748
-12.6978
-0.90534
-1.64636
-17.7224
8.04338
-0.81374
3.0511
-5.06056
-18.3876
16.73
11.5323
3.99652
-6.94178
-11.8835
10.0332
-1.36964
-9.22326
-9.20348
4.97716
-5.86214
1.28762
14.5474
3.91692
8.39098
1.74546
10.2123
5.79456
-4.59664
-0.96892
-8.10796
-0.3298
9.7807
2.01326
9.86654
9.04604
2.44736
-12.2014
-2.3194
-3.02532
-12.6188
2.53182
-4.90514
5.26388
1.03314
-6.72606
-21.4664
21.7703
7.31376
-2.01134
-1.87558
-16.8863
12.1093
3.47036
-6.92928
-12.4508
9.15336
0.70334
-2.82624
5.13936
-5.6843
-11.9428
4.4407
-9.63296
-1.414
11.166
7.76406
1.59938
-7.07786
-6.88536
2.90794
2.7766
6.07978
1.87718
-3.73272
2.70146
4.96242
2.31214
-1.77526
4.65402
6.25374
-9.07288
-0.82102
1.6371
4.14158
-7.96996
2.4498
9.29788
-2.95432
-11.6388
3.13348
-3.6928
12.1201
-2.5427
4.69298
-4.80682
0.55718
-3.62342
-6.7286
-7.66316
-1.49432
10.5947
-5.9948
-5.3526
-7.566
11.2731
8.09062
-4.89754
3.98544
-9.8584
4.25216
6.29508
-5.2868
10.2394
-8.90686
10.7681
3.39384
-1.78582
-0.39442
-2.09458
-6.28268
0.58948
13.5737
-9.57232
-5.68062
-5.18684
-2.54106
-9.28484
1.11516
-0.35286
2.05016
-7.50676
-14.7143
-0.85674
8.38382
16.2841
-5.4725
-0.17492
-7.20696
2.7243
-8.53918
-2.64598
-5.39908
-1.97142
-0.25598
2.95524
-12.7979
-0.22622
18.2734
-2.10526
13.7531
3.62488
-4.86376
-2.53888
13.5641
-1.81306
0.5509
-16.5822
18.008
9.44238
-4.50714
5.54424
-4.72722
8.22426
-6.7735
5.98844
-2.4617
-6.21366
7.49552
-1.10798
-1.08348
-1.63884
-13.5877
1.5876
5.69344
-9.27484
5.25778
5.47374
-4.63834
-20.1081
4.80926
-0.15446
0.12106
3.63486
-2.22284
-4.3021
-2.7075
-1.1176
-3.24668
8.00554
-1.86586
-5.66244
-8.5493
-9.99368
11.1633
6.87484
12.1055
17.0311
-5.71574
6.03708
-4.07562
3.29772
6.34208
0.1704
-2.48726
-3.9837
-4.4478
12.4962
-9.88296
4.07176
16.7746
2.19732
-11.2465
-11.3961
9.2419
-2.01732
-1.29096
12.4688
-1.94588
-3.88662
2.73196
-2.92118
-3.56886
15.3751
1.99812
6.49968
15.5613
-1.16378
-9.97774
-5.8109
3.73472
-10.9268
-16.0431
2.6902
8.6003
3.52396
-1.70058
-2.95446
-0.5656
-7.65826
3.97932
-9.81372
0.99618
-4.58268
5.10248
4.6466
18.7116
-6.8262
-2.57906
-8.24834
-8.2687
-2.01002
-7.52342
2.37908
-2.12452
-7.36652
-1.84512
8.23418
7.46242
3.93702
-9.68218
4.5464
4.70072
3.39808
9.51344
-1.84042
4.80958
12.0486
3.00628
-14.5599
7.33592
-4.99078
4.91294
7.45988
7.2255
4.3934
2.73152
12.3439
1.12926
6.14164
-0.90896
6.75602
-6.95704
-5.32612
10.3172
-5.25594
1.60408
-10.5262
3.32628
3.10782
-9.71834
-20.0874
1.78836
0.01972
-3.7615
-2.3342
5.3561
-5.07264
-7.46772
-1.32342
7.45508
2.58572
5.35238
7.2951
-6.44632
11.123
-9.5664
-9.6761
-10.6726
-2.72452
-14.5893
2.18146
-0.1611
-4.07834
8.61974
8.64716
-1.4792
0.10844
-6.97328
18.1121
-4.14508
-5.35064
3.25848
-8.44402
-4.93204
-3.56528
4.68726
-12.7771
3.85654
-11.2226
-14.9424
4.19152
-17.5427
-3.52644
3.55826
2.25314
-4.6669
-0.10166
3.452
3.7202
6.75318
-0.13366
-0.41682
-8.74174
10.8105
8.91508
10.3236
-6.66022
7.89008
4.201
2.7122
-15.7577
4.42284
-7.84638
2.23632
-9.9623
13.963
8.93848
19.3911
16.5093
-7.7658
15.9701
-1.90256
8.75948
5.62872
0.62046
5.05084
11.5923
-11.1802
5.9326
8.56236
2.78278
3.55294
2.30048
8.63684
-10.2476
-8.94434
-5.99126
0.5702
-13.2577
-1.89926
13.3989
-14.7387
-6.08094
-7.47624
3.94806
17.3538
9.88212
-3.8597
-1.3567
11.4652
0.5228
0.34282
2.36292
-1.9653
-5.04952
9.78222
5.52908
-3.91556
-4.29034
-5.95198
11.3185
-8.15056
-3.1344
-0.61124
3.79774
-1.3242
-11.2219
-18.0792
1.10202
-3.82516
2.5612
10.5328
3.4473
-5.57498
-3.2058
-5.13876
-4.47802
9.4394
-5.06588
-6.19416
27.6011
-1.37448
6.99802
-1.70334
-16.0699
-2.62638
-3.96724
-4.19406
-15.7207
-10.7318
5.08734
6.12348
-16.2645
0.96104
-5.2488
-3.7682
-11.9851
4.935
-3.62546
-9.01296
-2.30562
3.2799
17.1724
-4.34632
4.32254
10.8604
-5.27722
9.7203
0.83652
6.25482
-6.01264
5.06226
2.5454
-13.8708
6.33876
-1.2345
7.92008
8.74738
11.0279
1.60714
1.6625
-13.949
-17.7347
2.69996
3.27254
-4.2202
-9.45796
5.62008
11.501
6.52928
-4.45194
11.4588
10.3034
-9.97548
0.50456
-9.21692
-8.25274
-10.7833
2.81994
-1.56744
3.89304
2.9094
-15.9944
9.3926
-1.54386
0.1244
4.9951
2.75648
2.33186
1.70246
8.79882
-8.9044
5.72042
-11.7281
-6.6166
15.4826
0.89296
-7.2514
5.74336
-5.18042
-3.80574
10.2659
-2.24742
-12.2677
3.0628
17.5228
-6.2619
-11.6607
2.08512
0.54794
-8.25344
-6.63978
9.36046
8.61166
-1.29654
-4.83714
4.89048
-2.39824
-10.4724
-3.69188
3.23528
-3.85298
4.70382
-7.08018
0.94976
11.292
-2.08096
13.8464
-2.88394
8.72984
-5.55034
8.25076
3.98536
-2.2179
8.14204
11.4895
0.73682
0.2352
-1.1783
0.68906
-6.1252
8.07456
-1.77276
10.8851
5.27558
1.127
-12.8654
-0.1626
1.54586
-1.88274
7.7289
-1.86948
-1.2572
-9.7814
3.95948
-7.87554
-2.58062
3.54958
11.7706
-2.74564
1.1038
11.0212
-3.86846
8.06896
2.86412
-2.05866
2.11028
-2.7793
-3.60466
8.92662
-15.5443
16.9948
3.00114
15.3147
4.53502
0.60146
-3.61194
-15.7231
-1.50742
2.35016
11.6776
1.15238
6.45202
-12.9022
1.98724
9.23842
-15.6294
3.07132
14.067
-2.96786
12.6133
-2.53342
-1.57078
3.88632
-8.14714
3.00524
-5.5082
1.3785
3.2936
-8.63196
7.97314
2.28806
-2.73134
-1.54368
-1.4012
-9.63728
7.98734
5.75746
9.3164
-3.02344
-15.2267
19.0819
5.53932
3.45284
-5.76718
-26.3508
-7.40848
5.7983
5.40652
4.60144
-11.1001
4.2277
-0.63662
-7.36754
1.04018
0.4458
-7.11196
14.3266
-5.0806
-3.26062
15.0658
10.1541
8.04314
6.73354
4.8849
-6.42582
8.72866
1.38064
2.02948
-13.9408
4.04304
0.63906
-10.6748
-3.13116
-7.15648
5.68346
19.6251
-0.70484
-4.80622
-13.2684
2.86724
-0.42838
5.82284
9.0632
9.37924
-14.5653
-22.8472
5.9769
-15.3226
-2.27194
-3.72492
-5.48332
-6.87606
-15.0661
-4.6389
-2.14482
8.10218
2.55286
-8.10062
-9.74772
-20.3051
9.20352
-8.89568
-4.47272
-19.3504
-0.98304
-4.17022
-6.24954
-5.89862
1.49828
3.9117
3.73004
-4.76852
-6.86538
-2.7793
-4.78096
-5.82792
4.8328
-9.74388
-5.42456
6.0651
-23.9185
-4.20956
-9.66138
-9.0099
2.96256
-5.15258
6.1387
0.5712
-2.8411
-12.0917
0.66604
-17.8669
5.0269
-10.1449
2.02408
1.5411
5.52656
-6.75684
-5.94006
-7.31208
2.79778
2.80808
-6.77048
-9.46576
6.44666
0.3912
-2.07608
24.6754
-5.54882
14.3322
-1.0451
-8.77088
-2.21054
8.24304
-0.14664
-1.76006
0.50504
10.2681
-4.81168
3.9867
-2.12416
10.0717
9.4055
2.12906
-21.298
6.47058
2.63316
-11.8463
0.45132
-1.17702
-2.506
-5.07796
-4.2562
-11.9625
7.77498
-0.22762
-3.00258
10.7625
-2.78862
17.7947
-1.5337
6.13756
-6.59986
0.83102
4.12408
-2.7408
2.9793
2.19066
15.7533
15.7315
3.23874
18.1309
-7.02554
15.0626
9.52534
-7.12074
-3.10796
2.44234
3.48144
-14.4569
2.24684
4.82824
-6.8931
9.21046
17.778
-6.2549
5.51286
-12.6949
0.35152
2.07276
2.37776
-0.95224
3.9868
-7.25834
2.99794
-0.37468
-1.49538
7.74064
-0.56508
-9.90816
-0.4987
-18.1955
-0.72692
-8.99778
12.5224
-12.9759
-5.37814
9.46776
15.4724
-6.67602
10.1446
-8.65878
2.90944
16.9512
5.88736
-7.86122
-1.62622
-15.2686
3.8629
1.36622
11.7629
-5.19096
0.83358
-7.61612
0.27918
-8.95838
-17.3312
-5.50448
20.6783
-1.08498
0.42188
-3.87222
-2.4699
-8.06638
-3.70396
16.3471
-5.8949
-4.47702
5.27002
-9.22712
-4.09204
-7.2565
-2.32276
14.813
-1.02022
-14.8433
22.1371
2.21752
1.79806
-10.1593
-3.1891
7.47544
-0.86028
-0.27802
4.31136
2.21208
-5.18968
-2.52318
8.2559
-9.0938
7.7338
22.8398
-4.62484
-20.8538
-5.35896
-1.15834
-0.17282
8.56988
6.87382
4.15102
6.7811
-4.48706
11.5337
-8.65098
0.21278
-1.55824
16.4544
-15.5954
0.94128
-0.08696
-1.41334
7.05154
0.05142
-6.03668
-5.72822
-3.31894
-15.6785
6.72086
1.98942
9.14182
10.3411
13.177
9.04756
13.0275
5.36974
17.837
10.3978
6.66888
-5.96728
13.949
-9.87966
-12.4616
-3.70712
-0.62406
-13.3602
-3.1107
-3.59038
-10.3791
6.86772
19.5664
18.2179
20.2416
-4.56372
4.17906
1.55878
7.60126
-8.17912
-5.74746
-2.63554
19.559
-16.1534
-8.61158
-3.87776
10.7263
-9.3911
8.85486
7.77892
4.4102
-6.48202
-4.88434
7.44732
5.03612
18.5751
-2.95222
5.62954
5.31552
-8.77956
11.2424
8.36048
-2.71146
6.02
-10.7576
-14.9358
-2.51042
8.52542
2.4729
-2.0505
-20.7545
-9.03498
-9.26758
-2.7882
4.71206
12.303
3.93268
-15.9327
7.41614
-0.53596
-9.30898
-10.2292
5.67236
-6.75724
-4.058
-7.07544
-1.15164
9.71144
0.5351
6.84718
-2.4047
3.13388
-10.1981
-9.21488
0.02174
-7.32512
-0.20242
5.6324
-3.7323
1.26824
4.90916
-3.80836
7.77714
-6.70506
-2.6444
3.9058
0.5864
0.59414
2.21878
-4.39952
3.82258
-9.03946
-5.29176
7.57636
-11.0907
-1.26272
-12.8804
-3.94358
-0.73086
-11.4921
-5.54264
-12.4686
-1.71466
12.7022
-10.2261
15.5814
8.41036
4.0051
-11.9684
-3.76536
-17.8861
13.6717
-0.20444
-9.0307
10.5025
-12.7396
-2.98972
-4.06556
-2.69442
-5.50528
-1.15388
-1.5483
-1.18658
18.4784
-8.41624
-11.9824
8.02438
11.2618
-17.8673
-9.92734
-3.11628
9.7458
-1.50402
5.65062
4.30958
-1.5486
-8.14248
-3.55742
13.5247
2.53854
-0.74736
-11.2847
4.12114
-2.10814
-0.8385
2.12392
-2.35052
-2.10068
-5.32508
23.2524
-12.5906
-2.10178
6.08208
-4.44122
-0.14976
10.4369
-0.13096
-3.95158
-2.90112
1.09142
5.86186
-4.15778
7.69736
-5.65582
-0.74596
-7.63564
-10.4933
-5.77744
20.1826
3.89198
18.4113
5.96934
-3.19876
-6.85608
4.47356
25.269
-1.09492
-9.78208
-6.45636
6.10268
2.85032
24.0572
-1.20086
5.9561
3.534
-10.6815
1.1408
3.94306
-30.0578
8.07004
-8.14374
18.26
3.18976
3.80642
-13.2667
-9.02272
11.7547
7.85828
1.93548
-9.59854
-2.24042
-6.39328
10.7148
10.3798
15.32
-4.95502
16.3518
8.6848
-2.5179
2.45094
3.67152
5.5005
-8.22768
4.54354
-17.0315
-1.96118
-9.24606
-0.22784
-9.61096
7.49582
-3.01728
12.6907
-2.28918
0.39626
1.37768
-1.74476
-1.34594
2.21264
-1.4063
-8.13888
5.66916
13.0832
1.33056
-1.52162
2.68248
-16.3813
1.37752
7.70006
1.29098
6.51726
6.99458
-10.3803
21.6214
-0.10226
-12.2537
-10.19
-3.02752
1.46958
-2.42872
-10.3231
8.68718
-0.45656
19.8394
-6.20078
-1.84018
-5.51392
-0.4531
-10.5725
10.7932
8.59452
5.78374
2.88764
-10.0027
2.66486
-16.8061
0.4895
-1.96246
-1.52628
3.43068
-3.85978
-0.54158
20.6414
0.14142
-8.6925
-6.42844
-0.98102
18.9773
-9.57188
-1.35806
-16.1919
-7.68378
11.5908
3.79088
7.42438
7.21906
-4.78288
2.2825
-12.7746
2.26422
0.22508
-6.56336
-3.00154
-6.518
11.5793
-1.218
18.1097
-4.48904
-7.12888
-3.7441
-6.91424
0.4564
-5.23344
6.69806
-9.26014
-7.08762
-12.6674
-4.40032
-2.47742
-8.9728
3.53118
15.8403
2.31466
3.19338
13.3178
-5.88176
6.93216
-9.19002
13.3796
5.9777
-12.9034
1.74988
6.91806
4.36972
-11.997
-12.5933
1.28586
5.37044
-1.1571
3.16484
0.11998
10.1989
9.57844
-7.42866
7.13012
7.46344
-1.3628
-2.86406
-17.3122
3.12696
-2.63918
-2.16782
-6.44364
-2.85934
8.27032
6.85006
21.1962
-1.5576
1.92844
-5.59288
-4.9108
-10.1447
-9.32108
-11.0054
-0.56772
-1.08092
-6.9696
2.73396
5.88854
-9.22664
-7.89532
13.1726
-6.1185
16.9284
4.89028
14.1055
1.12962
-7.10852
2.52512
9.41808
3.37186
-3.27828
13.1269
5.03658
-10.8861
5.21086
-8.00342
6.0189
2.66834
-16.5967
4.49328
11.4651
-3.23704
5.73628
-0.25846
-15.1533
9.05428
1.31972
-7.57174
2.58552
10.391
1.48946
-5.625
7.10126
1.90556
0.1099
16.6156
2.8963
-10.6707
8.0484
11.7383
-1.04382
-3.10502
8.56698
9.74474
-2.5273
-0.6493
-9.84646
-13.0245
-4.98658
13.9342
-0.01626
-9.10214
10.1093
-4.02568
15.4204
2.4591
19.9661
6.66586
-3.19972
2.01984
-2.14676
-3.8887
10.2072
-16.3479
2.30088
1.01082
-3.4184
1.1972
-2.1795
4.3515
1.95936
8.65452
-15.3106
-4.78962
8.96534
-13.3258
14.1539
-13.1659
8.61248
9.51734
-5.86676
5.31516
-13.0144
-3.77336
14.9963
10.98
0.77984
-4.06538
-8.43764
1.96918
-2.69132
-2.32134
7.17644
-13.9659
-0.59662
-0.11484
1.25726
-0.2832
-4.711
6.4454
11.1044
5.22374
-2.9091
14.4166
12.2728
7.99392
-10.1831
-1.03458
16.7434
11.523
-1.67494
-17.0056
-5.5792
-1.05816
-3.36784
3.84282
3.82854
0.59552
6.34632
-3.93618
4.93816
-8.78194
16.0949
-5.6028
11.461
2.61358
-9.8148
4.31312
-15.4886
2.24422
-1.54464
-21.6976
1.07946
-1.87722
-6.794
11.2366
1.23108
-1.9335
-0.5352
-12.5345
2.63652
0.59296
0.06336
-20.6379
-14.809
-7.31604
-8.06332
-6.11352
10.4303
-11.9083
-10.207
8.31908
-4.41764
14.1301
5.49902
16.257
2.43244
-3.2626
4.31646
-0.08928
11.673
1.59846
-12.8328
-3.0103
-1.77946
3.31666
-3.18384
3.9303
9.60908
8.65336
-1.29702
-9.25836
-9.69336
-2.15174
5.05616
-3.3853
-8.01644
8.59618
-10.6444
7.26352
4.45158
-14.3186
-3.19292
0.1914
0.07624
10.8826
-1.00926
4.50564
10.6107
3.54028
-14.0343
-6.84538
-3.28346
11.9094
5.25764
2.10514
-8.52812
10.0475
-0.13934
3.9798
2.00646
-12.1209
-4.7801
-13.9782
13.1546
8.33836
-8.7285
1.6651
-3.69174
-4.52328
-1.90192
0.48598
3.91192
2.52942
-11.8479
-10.6636
13.0029
7.6982
5.03978
9.86096
2.6433
-5.49764
0.89326
14.5676
-16.1427
9.09332
3.9507
5.61986
-3.1832
-1.33818
-6.66516
14.6052
-0.4381
-0.19994
-14.1228
3.76646
-9.5135
-13.4109
-3.87682
3.92808
-1.66978
3.94858
-0.00026
6.97916
1.41242
1.83322
10.895
3.18858
7.01798
-6.15608
12.6901
21.7464
1.05188
-1.80952
-5.28604
1.69814
14.8957
2.52508
2.40348
6.7384
4.5232
0.2314
9.62522
2.4933
-5.96322
-10.3637
-9.46664
-2.49346
16.4281
15.9072
-1.40198
4.39348
0.64974
-4.76292
-7.8728
1.87232
-6.0797
-2.6525
-4.30706
6.4016
-7.53424
-4.45398
7.27172
-5.06952
-3.33014
8.8602
12.5242
8.88616
10.0128
-0.6608
-5.38268
3.3193
-5.39392
-0.94698
8.81962
-2.32696
-2.36076
-3.05098
-1.09372
7.61048
-7.83516
11.6332
-9.41808
14.293
6.36546
-1.75732
1.39044
-0.39504
4.9158
-4.25894
5.7664
8.1321
13.1833
7.2207
-2.36286
0.76088
3.97344
-5.78818
10.1654
-7.81354
-1.34008
-4.40408
-0.78748
-13.319
11.394
-6.09886
-14.144
-10.1995
-1.7642
-0.9394
-10.6126
9.75302
-8.19328
6.54042
-8.6313
6.53712
8.29666
9.84968
8.16846
-0.68994
-12.6499
6.78056
-2.62036
5.24698
1.26272
-4.1832
-19.3835
1.40544
-8.8081
7.97668
9.64254
-4.16154
5.91354
-3.3569
-4.48066
-12.6555
-0.90272
9.39618
16.3531
3.961
10.1515
10.3281
-10.7308
1.3333
-5.59696
12.5674
-16.1614
-11.8595
-8.1787
3.7478
11.2348
0.7108
6.89758
5.97732
-10.9536
6.25336
-5.18176
4.09794
-8.22392
10.7151
0.00374
2.73764
3.57334
-15.6857
8.60128
6.56414
-0.62478
-8.21136
5.54794
4.0063
-7.55652
-7.68298
2.59416
2.06204
4.15888
-0.52176
-9.32634
-7.04388
-12.329
-13.3195
13.1682
8.55846
-3.02646
11.6745
-5.63546
-1.00872
4.67196
15.6043
-15.1654
-5.80306
-11.3594
25.1806
-14.7522
-6.4004
6.18062
-7.30266
-7.18202
1.42188
-6.32124
-5.66656
-3.39384
14.9448
-13.3247
5.44998
-5.0182
-0.30966
15.3531
3.45152
4.38292
0.5647
-1.81858
-7.24974
-3.0229
0.23134
12.8069
-0.21542
3.2644
-1.17168
18.1899
-16.1836
-0.8462
-7.8068
-6.2057
0.76682
6.20682
-7.56318
4.49088
-5.93272
-10.3288
-8.52172
-0.85692
-5.01354
-11.2396
-0.5714
0.2527
-15.109
-2.64782
-7.7003
-4.9619
0.43738
-3.779
-7.58164
-2.76008
23.7738
-0.0359
-0.7621
-8.47772
0.60784
12.156
10.221
-0.47668
-3.9592
7.2428
-9.42372
3.71144
10.9897
-6.03604
-16.1112
7.94438
-6.97806
-0.48202
-0.43452
-2.0655
6.61242
-3.6007
6.02476
7.57914
0.27872
-0.96794
-5.38756
-13.7781
-7.9673
8.3787
-11.5963
2.83318
5.10444
4.10854
3.51546
5.1872
8.08502
3.00804
-6.48812
-10.653
9.13696
4.46752
-3.69908
-1.89888
-13.757
2.31996
-6.74814
-5.3313
0.87414
9.61224
-16.2627
-5.61032
6.1347
3.11638
1.68634
-16.6329
-11.0778
-9.12798
-5.55228
1.25364
1.5144
-5.80828
-11.3945
17.898
3.0268
-14.3589
-8.6212
-3.36606
-14.1629
17.8303
-16.6381
3.4287
-19.969
-14.4247
-5.04224
-6.04788
-11.0102
-0.21434
-0.39822
-5.03908
-4.38504
9.97972
12.8279
1.97594
-3.80294
3.93732
-5.32254
4.28102
12.0503
11.9904
-12.4667
-11.8229
5.28818
-5.74686
-1.63546
5.60532
-2.70068
17.0053
-7.97478
-14.2683
3.52188
-10.557
-13.6927
-12.4108
-9.42428
18.6374
2.9341
-7.16418
4.6217
1.564
-0.21586
-10.8002
-12.0554
-1.73116
4.2585
-1.81298
0.63764
0.2117
2.03698
-5.39426
1.83198
5.90548
12.0763
10.8519
-0.40528
-14.2492
2.34858
-5.58504
4.19216
-0.689
2.30284
5.07236
-3.32198
2.88656
1.99792
-3.82662
13.0622
-4.52152
-4.50844
-4.82582
-6.23392
-9.95706
5.15336
-3.62072
13.4148
10.1296
-3.50538
7.67554
-1.61552
-2.05736
5.1553
1.68464
-10.7177
3.57934
6.09076
-2.30056
2.28906
5.45546
-10.1955
1.2902
2.05068
-2.00062
-6.1812
11.4128
12.9123
-9.8514
6.71658
1.73006
-2.62582
11.3349
-11.5459
5.73234
-12.9053
10.154
10.7067
-5.20308
7.85848
12.5385
9.03296
-9.7438
3.57458
-0.6538
2.2355
-4.91032
4.23872
1.9887
1.49658
-11.9973
0.65644
-8.55114
-15.7642
-4.36732
-5.2141
3.23332
-2.62388
-11.0559
-5.04166
7.44358
-5.66942
3.7608
1.34968
-2.50408
5.0115
4.20822
4.03042
-20.4796
-13.9937
-0.8832
-8.72024
-7.76114
-3.60586
-0.58544
-6.26542
-6.90884
0.5192
6.58612
4.0907
2.83212
9.48804
7.9925
-8.31384
-8.95512
-0.27276
-1.37138
-10.5188
14.203
1.74716
-2.49172
-1.35174
4.57734
-6.56342
-6.78628
-10.4887
2.35146
9.52974
-4.4961
-11.8271
1.5652
-5.33392
6.08288
-3.44344
-1.26988
-6.0136
8.84222
6.16386
-9.12798
-1.93812
11.3391
-11.5728
14.1266
1.45084
15.8148
6.19314
-11.5169
-4.8429
12.6794
5.60904
10.2258
-10.699
-1.89246
-4.65118
-7.1638
-17.0034
13.6235
6.99472
10.1613
-7.30758
4.39812
-4.24734
-0.75788
9.86494
5.64652
3.2968
-3.0465
-5.87724
-5.71302
-7.22972
3.45268
7.751
-10.8519
7.70128
-1.49568
-12.5438
-9.9769
-1.12276
8.56778
-6.1016
19.6045
-2.25002
10.2427
-6.991
9.22282
9.52552
-8.81362
-15.8975
-10.3527
-8.10236
3.22052
-6.19228
-0.80898
11.7834
-7.27034
-5.83044
3.4555
-5.7417
-14.6011
4.8563
1.05218
-6.57216
-1.56146
-6.30074
8.33538
2.6176
2.11796
-1.5867
16.653
-5.44542
-2.529
1.01282
-3.133
3.7951
-9.7822
9.78376
-0.8164
15.4657
7.26676
9.18492
-8.42398
7.65142
-1.6287
4.53884
2.97646
3.87592
-9.435
0.404
6.33724
-1.08036
0.16216
-3.98818
14.6474
1.39418
2.25082
8.05636
-2.31026
3.32682
-0.53196
-4.58752
-4.56864
16.6858
3.15996
2.85086
5.10418
-3.80614
-7.99356
-16.7579
3.85922
-7.29712
-11.835
13.8693
8.24482
2.37798
-1.54044
8.3768
14.0708
-10.2611
10.161
0.30858
-1.45356
6.86448
1.1469
-0.9081
-3.80636
-12.1247
-1.82372
-13.7763
-1.1376
-16.4033
-9.22358
-4.34018
1.51506
1.1425
-4.91752
8.88118
3.62276
15.0523
2.2024
5.7458
-1.66272
12.9064
-0.81666
5.6998
-2.53066
6.33562
-6.56534
2.94788
-6.62876
-9.03116
-10.525
-12.4938
3.7638
20.1732
-1.42472
1.89246
-1.96302
9.23492
1.15616
-9.01674
-9.08178
-8.43434
11.8203
-5.93758
-9.61016
-4.59806
-5.6657
-2.16454
19.1775
8.64502
2.41364
1.16692
-3.3329
-1.60602
2.09808
6.9682
-9.30878
-5.633
1.03592
9.39884
-1.17552
-2.1083
-7.21692
-6.4772
-22.771
4.63992
-2.79114
-8.05618
-4.74196
-7.07848
-4.33036
-5.16486
2.18046
-8.56528
-2.94382
-10.2883
13.898
2.72146
16.2978
2.48944
4.37304
-2.04696
6.794
14.6941
-14.9106
-2.04828
3.52618
-0.48372
-0.10508
-4.08628
-5.65736
-2.06434
-4.48704
1.27002
2.61708
-14.861
0.70076
-6.26018
-6.34524
-0.06466
9.4536
16.5247
2.55318
2.17236
-11.7306
-0.43282
-5.43408
8.08258
0.25396
4.59828
3.32722
7.76552
-5.63932
6.06962
-10.6278
-0.17602
4.80514
1.88468
-1.56192
16.0564
-4.64654
-3.06986
-5.79732
-4.39874
0.44704
-11.2705
8.24748
-8.72904
6.38932
1.64674
2.13938
13.7288
5.7672
-15.0177
-10.3449
19.0959
-11.835
-3.01608
-10.0515
5.15594
-8.16296
11.534
8.64282
3.84246
-3.42874
14.8246
6.01612
-2.65124
21.4122
-8.58
-12.4284
-1.69104
-1.34828
17.0825
0.41866
-2.45856
-4.0834
8.14368
11.7752
3.43434
-11.5128
8.31012
-17.1456
-1.12024
-7.18402
-6.75146
-5.37158
1.04374
-6.46154
1.43454
-6.17046
6.26786
-1.4548
-2.40762
3.48466
1.10334
-0.10304
4.38138
-9.18234
-3.6949
5.81988
3.2071
-1.76248
-3.2287
10.5529
4.17888
-3.84104
4.77688
-7.2463
-5.1801
0.78192
0.13734
8.24042
5.95136
-1.89828
5.45234
7.61012
2.10948
1.00664
-4.13432
1.2519
1.48584
-1.20122
-7.204
-2.33118
-7.43624
-2.9439
0.53808
-6.19494
-7.17538
6.38412
-6.7006
4.2259
-11.3997
1.49938
-4.02228
4.73214
1.63678
-6.37954
-3.00024
1.97402
1.8739
2.80232
-9.27808
-3.11758
5.0372
-7.13168
0.15292
-2.7077
-2.2917
-1.46924
0.92598
0.74772
12.0707
-6.3326
3.28882
-5.03806
0.34714
3.93936
1.63572
2.96374
11.6099
-0.29392
6.69156
-14.9337
-2.86724
-7.24308
-3.95006
-3.15928
3.99748
1.86928
10.3904
9.05362
-4.96304
-1.7707
-6.44638
-4.85968
-1.02394
10.4325
-8.131
1.59222
9.15502
2.91786
-17.4111
-6.34928
-0.37646
-0.11018
-14.7534
3.61954
-1.41508
4.2683
14.9562
2.10372
11.0008
-2.1984
4.22072
3.87908
-15.4837
1.26402
1.30602
7.37638
14.2882
-7.1671
-4.7792
4.03534
8.7022
-5.29744
7.9714
-7.56708
-2.35568
-9.5355
4.69544
4.2165
-5.66828
13.9872
-6.99706
-1.17856
-6.167
4.49926
-3.02966
3.1458
1.3094
6.56456
-10.2161
2.74348
3.85356
-9.10004
14.3915
-6.82236
4.305
-2.11706
0.42134
-0.0599
4.97292
0.97926
-0.63934
-1.116
2.1113
0.74414
-1.17578
-11.8861
8.27998
-3.41828
-6.11514
-3.83652
3.90862
-25.4716
7.45998
-6.46494
-9.59948
11.6406
6.22406
-3.26308
7.0037
7.61448
11.9996
-10.0083
9.67346
4.05454
5.62432
-15.0344
-12.9923
12.9532
1.92472
7.30312
6.08646
-4.26798
-13.1975
-2.06142
-6.49038
2.92696
8.51402
3.22906
12.0654
-5.99258
0.31464
1.16152
3.98846
-11.1862
-6.87378
-8.51608
-2.79162
-19.7876
-6.90794
5.4239
-8.71272
23.7693
-5.83944
20.4414
3.7195
-3.9933
-1.34322
-8.4484
5.78924
1.83156
8.65156
5.0594
1.972
20.68
-19.1962
0.29004
-5.03128
-5.90894
-1.57532
-7.9998
4.22854
-1.64274
13.5212
13.3168
-2.07866
-4.65108
-6.78348
5.14678
-6.69282
-4.72224
7.45902
4.54152
3.12436
7.78778
5.5959
5.6374
-9.13758
0.66694
13.8531
-6.51398
-4.81872
14.1426
-5.90452
-7.78198
4.98338
-0.60752
-4.61188
8.19454
0.85572
5.4983
-5.8758
6.15786
-12.817
7.81392
4.29896
3.57028
12.7476
7.04006
-12.1228
-5.9032
-2.24162
-7.32256
-0.81474
-21.1856
1.40856
-3.09108
-3.52934
-8.81042
7.1507
12.0707
-1.56226
3.67078
4.31944
6.83622
7.54552
12.124
-1.29822
4.69418
-5.8493
-2.2984
-13.7152
5.93976
0.41142
0.65202
-4.49106
-6.29224
-19.5729
6.8832
3.2841
1.21994
-14.4414
-0.64278
-7.91132
3.58066
-6.92438
-0.02216
8.91058
-4.46332
2.44276
-13.4961
-12.3635
2.78802
-1.79656
1.29314
8.80162
1.13858
-9.41138
12.9452
-8.74002
-12.968
5.48698
-0.141
7.55168
3.92676
6.83574
15.6153
-3.89134
0.96992
-2.33354
-8.75842
-6.27016
2.02514
9.77642
0.35946
-7.78994
-4.15186
-4.60468
-1.38322
2.3303
-0.97846
-0.64984
3.02758
5.2273
-5.685
3.98128
3.16114
-17.9942
13.2096
12.0644
-6.37416
6.54556
7.19676
-15.4561
6.45572
2.67748
2.0773
0.88554
1.7511
2.04234
-5.3849
6.5895
-1.88024
-2.19598
-11.8308
2.5353
-7.76958
5.5472
0.53728
-9.53888
1.31012
-0.60064
14.9374
-0.8628
16.2067
4.14378
6.55632
-6.26684
1.09964
0.72106
-4.03678
-2.97138
4.3176
6.39844
11.0987
-2.9325
-8.12412
-0.26702
-7.8146
-10.9333
-0.41012
10.4738
-5.41518
-10.7446
-6.53712
2.76924
0.11478
1.39294
-12.5028
6.82674
8.16002
-10.7498
-1.7401
-6.85902
0.83776
-1.4988
6.4642
9.25784
-7.65424
-0.0507
10.4727
-2.49512
1.92944
7.80722
-0.5301
5.76278
15.1503
-5.8643
1.71644
-4.85242
-0.12994
-8.47812
-11.5563
-1.9918
9.51104
9.34106
2.1175
-6.46738
-5.21964
-10.4898
-1.93948
3.8166
-5.30958
-20.0087
8.65024
4.29862
4.52796
-3.4428
10.4617
-10.8597
-2.6012
8.20078
16.1175
-6.41264
-5.52538
-6.75356
-5.94514
-10.7127
2.87814
2.11276
-10.1214
-11.9706
-4.95416
-2.8685
-10.2152
4.808
-5.74818
4.16754
13.9506
-5.10746
-2.82812
3.28124
-5.36194
-3.27322
-4.36448
15.9638
-1.00102
3.91908
20.3534
-1.86666
-0.7087
-2.1426
-7.44158
-13.8234
-2.30428
-6.18038
6.76162
3.20848
7.28344
-7.3774
-9.04756
-5.40908
-2.16084
6.4399
-3.44522
-0.30348
-5.8375
11.42
0.73678
1.1929
3.59102
-5.28048
-17.4095
3.45532
-2.7246
-0.45822
9.52916
5.51784
-12.7384
7.2036
-4.78144
-1.45576
0.31652
5.81134
3.951
6.85074
2.73854
15.75
11.1974
-21.2002
11.3802
4.80454
3.31704
17.0903
13.514
1.062
-8.10784
-0.17946
3.98882
-8.4803
3.96778
-6.77218
-9.14058
15.2796
5.65648
-3.56552
2.91094
2.97552
-6.53114
24.1275
-0.0763
-4.58862
-0.85118
-13.039
6.02788
-10.5622
6.24454
-5.99572
-1.36612
0.79508
-0.00302
-15.4931
5.15514
-15.2546
9.73994
-19.307
-2.74898
-10.4142
-1.08378
9.52006
12.882
6.68562
-10.5276
4.35514
-3.22008
1.6079
10.3588
-11.0776
3.59544
-10.645
-6.41952
2.15068
-6.30634
3.03384
-2.26886
-2.25258
-3.798
-4.98842
9.34792
-8.66604
4.98484
-1.11912
-2.6682
0.52964
-2.28474
-0.95536
-1.54794
-10.172
-9.9448
-7.45264
4.50426
-5.44818
9.24524
6.99532
15.9787
-4.68
10.1689
-7.3233
-0.92086
5.73608
1.81164
8.59454
-6.3619
9.37474
-4.6024
-6.91346
-1.10856
-1.02038
-8.4496
6.00858
0.34052
4.09076
-5.06808
7.1188
-5.59194
-1.8591
-5.24996
-7.26258
0.77792
10.0849
-4.31564
14.0952
-22.1191
1.85506
-8.37856
-1.20914
0.37458
-15.1885
3.21998
-1.5412
-18.7804
2.95666
-0.38788
-4.45456
-0.07114
1.56402
6.30098
4.7721
-6.11368
-2.76932
4.53926
-4.35154
4.1523
-15.8256
2.4672
-16.5178
16.1158
-2.20532
-9.985
12.9902
2.94654
5.45242
5.62884
-4.17748
8.0431
24.0577
-3.00548
4.65712
-8.5377
15.3613
1.73374
1.4762
0.97052
-17.9189
6.88218
9.62968
-5.92024
-12.1727
4.19938
4.94508
10.4281
2.27882
17.2204
1.5402
-1.1309
8.46404
16.9159
-8.37102
2.96796
-4.05834
-6.64648
-4.04918
-12.9443
-5.74484
6.71178
-7.90516
3.42208
-8.38932
11.6767
12.9877
-8.14316
8.02282
11.7906
1.72846
21.0373
16.4794
-5.22332
19.6864
-8.33552
-8.06868
6.4218
-0.73728
9.50752
-5.47784
-7.78386
-2.27186
4.22054
-0.53284
0.08946
4.67594
0.7559
1.30692
-3.29576
-6.75212
0.75992
-11.602
4.99722
3.46656
1.4979
13.4704
6.86992
5.15618
9.95276
-6.61636
-10.7975
-3.21188
-3.60668
7.72832
4.11482
-2.7456
4.63362
-7.40154
-8.36472
10.2279
5.4745
-9.70546
11.5867
9.7199
-0.80108
-1.40454
7.05818
12.868
4.357
-5.02186
4.6176
9.28748
8.03088
-0.35676
-5.73122
9.06216
4.88416
3.763
-3.574
13.297
-1.82966
-3.57522
3.40978
-1.03602
16.4312
-11.6357
-9.79254
-10.649
6.1939
-6.31788
-2.5146
-7.03576
0.43794
6.776
-8.2397
-14.6155
-11.7301
21.7342
1.12936
10.2726
-2.45426
-1.46694
-13.8804
-8.71304
-0.02372
10.1117
-6.6205
2.97856
2.21998
0.75656
-3.3784
3.17424
2.9951
-1.86702
-5.98506
-5.59648
-5.14948
12.8192
0.52236
18.2383
8.67516
3.04918
-7.06846
-24.9598
11.1087
6.35194
-12.9388
22.593
0.94352
-4.7251
-0.3813
8.28246
-9.3593
-6.79218
0.9514
-6.78424
-10.3795
-6.91976
-12.4111
-7.5797
-12.2026
12.2326
-2.953
-4.13336
3.02054
-4.69418
5.46778
-6.45192
1.00618
-0.15106
1.37346
1.85262
-3.42422
2.74338
12.8811
11.4973
-19.1879
2.0955
5.34772
0.24258
-1.29408
10.119
-4.5905
-5.22682
0.57734
-4.75478
-7.52676
-14.6076
2.15788
-12.5884
6.9383
-7.94662
-7.81132
-3.76742
-7.15988
0.18712
-0.12198
8.8323
-6.09098
-0.80202
-0.965
-0.79854
-1.86574
-8.18352
-3.77268
-0.67376
0.7917
1.7429
4.8364
-0.58022
-7.02088
-2.64048
-5.25464
12.7446
5.73274
9.27522
-7.3042
-9.63308
-4.11518
-14.6089
-0.56858
-4.86414
25.5252
-2.34806
-3.98408
5.24722
-8.4552
-7.28266
-1.19514
4.3838
5.07448
-3.29636
-10.0962
2.56204
3.95928
-2.32668
-2.74288
-4.85724
-11.4253
7.93364
6.9356
-1.90534
-9.2093
17.0373
-3.19022
3.30776
2.0855
1.55856
-1.3717
-10.6136
7.06554
7.67326
-0.94926
-1.81114
7.0184
-19.9815
3.71182
2.36162
7.19842
4.14074
2.71682
-9.83882
2.5283
-12.1654
-5.2981
3.71774
-8.33304
-12.585
-10.6831
4.48728
20.9452
3.77338
-6.7582
1.60774
14.4086
12.4224
9.18558
14.8761
-0.9221
0.83316
-2.2725
-0.13056
1.3344
-9.6302
12.9827
5.18878
8.89274
-4.14682
10.2262
-10.1367
-2.54074
-3.91086
1.20672
-8.35434
-4.90046
-0.22096
-6.5235
-2.00188
-0.67994
7.93794
6.0133
-2.3197
-5.65704
-3.37082
2.6876
-0.19518
-4.77678
-1.2643
2.602
-4.20554
8.9783
-5.54534
1.11308
4.2091
1.2283
-5.07322
-18.0853
-1.0941
7.70072
4.51424
-3.9071
-21.7766
-9.2756
-3.28726
-0.07656
5.92722
-11.8118
-5.07342
3.5502
3.98226
8.52034
-2.57838
-13.2402
9.67396
-3.54076
2.5873
3.25866
-6.44786
1.38954
-9.75808
9.05328
0.79432
-6.3965
-0.07012
14.2895
8.46924
9.01026
0.13122
-0.32966
2.0736
6.53246
23.5444
0.40782
3.45406
-11.8275
1.1943
1.73222
9.43256
-2.56698
5.4389
-4.9918
-6.47426
-14.0744
0.82478
-2.11572
17.355
1.89952
-2.82712
6.05132
-1.56768
-11.1725
12.1171
-5.86982
-8.31908
3.59672
-2.95498
-1.07102
-1.00568
4.90832
6.23066
3.81038
-15.777
9.33082
2.3276
5.57572
-2.02448
-7.8802
-13.1788
12.608
8.45812
13.1349
2.37098
-5.10718
16.175
20.4222
9.1773
15.9549
1.21258
-5.17022
-0.39664
10.9186
8.76952
6.26524
-14.6991
-1.67672
1.19826
2.03554
15.1048
-6.2285
-7.98324
23.0371
-1.97132
1.89148
-5.73532
-19.8412
-2.41458
15.7663
-13.2092
19.0338
0.83058
-0.36386
11.9163
0.60572
14.8057
0.81476
9.23528
0.87752
-8.59926
0.94918
14.4916
-2.91114
8.83756
-1.33564
8.52374
-14.6135
-13.9629
-14.2695
9.94878
0.52254
3.26696
0.01578
-10.5341
2.74654
-4.952
-9.48324
-7.13434
6.57174
1.62608
1.75662
-0.1049
1.05584
-3.05626
9.13634
-5.58742
-1.5202
-4.39006
4.45616
-15.829
6.93044
6.16624
1.69198
-5.60232
3.9208
-2.83532
-2.12514
-15.0759
-9.3171
-0.83806
19.3592
-4.56714
-3.19474
-4.48662
-6.71162
0.4621
-7.34746
1.02734
-18.7117
8.97366
5.80772
7.02484
-9.8318
-9.6339
-8.24504
0.58326
-2.33868
4.96708
-3.26174
11.008
-12.4732
6.00758
-0.16486
1.80568
1.12816
-2.80002
4.16676
-7.77766
-2.55016
-2.75686
1.21718
-2.72312
-9.34362
9.89198
-13.4642
-3.5785
-2.40798
-6.20912
4.31992
-1.88036
7.33638
1.94972
-9.92878
1.00524
-11.6872
13.2701
6.91496
7.01864
4.37462
-2.62984
-8.12452
4.20446
8.68834
-14.8465
-0.98206
-8.29772
-14.1431
0.49882
5.9542
1.21396
11.7794
0.88458
4.22284
17.4993
4.29022
2.41738
-6.79164
-5.21236
0.3261
15.0631
-3.84632
3.2453
3.09106
6.31596
-7.89706
-0.165
4.48468
11.2766
13.574
-5.55306
15.1883
-8.11734
4.28282
-5.07246
3.77298
-4.4412
0.88336
-12.4918
-9.31596
-3.20832
1.87088
0.96396
-11.1077
12.5121
0.7235
-2.83642
-2.8299
-7.5199
-2.48936
-8.82968
-5.57922
2.76414
-19.8987
10.9503
12.0319
-13.3163
8.49496
10.0276
-11.2915
2.04982
3.09886
-2.08146
-2.40824
0.31606
7.02986
-15.9552
-1.35812
6.53544
0.316
-8.53518
-6.04952
-5.96432
-10.2354
-12.1964
-14.0023
1.44464
13.4725
-14.0565
-3.205
-7.59646
8.32628
0.73406
7.98068
11.0317
21.2019
14.5206
12.3643
1.66948
10.9176
-1.45858
5.6205
7.84356
3.92276
-10.6998
-2.2641
-14.2285
2.11756
6.52556
5.9534
-5.20266
-0.01484
-2.4875
-17.2615
-14.2091
11.6346
-1.75966
6.606
-7.7605
-6.82816
-11.5973
-0.89394
-12.2672
-5.34394
-12.0231
-2.89412
-3.02882
-0.25146
10.2979
3.39962
-2.24416
4.86152
-4.40824
6.05528
14.7766
-22.0558
-4.94934
-8.83858
1.56378
-6.91414
3.59682
6.78258
-2.69984
0.99572
12.3379
13.2737
6.92634
-12.1527
-4.7558
-9.17474
-2.40346
-2.68022
-4.85242
-0.4471
-1.09302
3.33742
8.5364
9.1136
-1.47144
-16.9372
1.01104
-5.67416
5.9936
-6.25856
-7.66982
-13.0223
6.74978
0.15998
-9.0521
8.71338
-7.24634
2.82764
-4.4462
9.51626
-0.2641
5.63744
1.50198
-17.2974
-2.26014
8.43046
-5.65476
7.08134
-14.0766
4.75532
9.15694
-7.68852
8.07
-3.95516
5.189
10.2009
-5.37534
5.67444
4.6138
8.51336
-5.83106
4.49418
12.2738
5.81414
14.627
15.9012
4.97304
-9.65836
-14.5691
3.99696
-2.09844
8.29182
-4.83946
2.8378
-3.30868
20.7611
0.8586
9.88208
-2.43236
6.48816
-3.73792
0.30672
4.52864
17.1568
1.1317
9.8562
12.4849
-0.55028
19.8947
5.32492
4.85622
1.29078
-13.6041
0.52024
4.9107
11.9432
13.3841
-4.8572
-7.35702
1.18578
15.7982
7.4439
-2.08892
11.7406
3.1245
4.21212
7.32238
-14.1845
-3.56442
-1.64102
6.22
-2.16514
6.80372
14.5792
-1.45362
-2.32034
-13.1333
-16.5721
6.74266
1.20224
-4.00992
-8.66178
-6.30822
-3.92644
-1.44242
-4.93254
1.21516
12.3179
-4.20016
-5.69002
1.08014
14.5057
-3.94806
-8.62494
-11.5704
6.10374
-10.6924
-22.8925
-19.1632
2.23672
14.8576
-2.17724
-5.49144
1.09094
11.7829
-12.8677
0.42504
-12.7651
2.6954
-0.33702
1.59868
16.5594
-2.01988
11.4874
-6.84038
6.65664
11.3277
-6.16368
10.3483
-14.6692
2.87478
-6.28572
-18.4267
-3.59468
-2.27258
-10.0061
2.99106
-10.1989
1.68584
8.36316
-4.7345
-0.40916
-3.07276
14.7369
3.38196
-2.53744
-2.4313
7.60088
2.50534
2.67886
4.62046
-13.2257
2.25162
8.37422
5.50654
-1.52886
10.7203
5.54952
7.94446
-10.0526
3.02626
-13.8817
9.13146
12.1517
-5.31374
7.03778
-0.40458
-7.75278
-1.69548
-0.08262
2.80366
6.00906
-4.49872
0.49034
-4.52288
-8.78582
4.81944
1.07262
-1.8191
-9.99844
1.70332
8.84562
-4.12266
1.27908
13.4455
-3.83186
-10.0094
-6.99502
2.97908
12.6137
4.95416
0.74578
-2.15232
2.8847
-9.42486
-7.9545
-4.13506
5.5744
0.9511
4.58994
-5.61946
1.3954
-0.16586
-6.73504
-1.59344
-4.00682
-0.3678
-13.1399
17.1734
10.4548
16.0088
-1.87472
11.4631
-1.38044
12.6622
17.4191
-0.48948
1.93948
3.03406
-4.54104
-7.71944
3.14764
-2.55402
-2.78636
10.5804
-8.93836
-1.2244
-2.83398
-2.64592
-6.35514
3.8481
9.39912
4.79248
-20.0903
5.98712
2.22214
4.38036
-12.3785
12.6354
-1.20796
11.0933
-3.04762
-2.13406
1.75928
2.84454
7.0962
-7.67552
17.5507
-0.04044
-6.41504
1.45978
-9.61466
1.52386
-19.0618
3.86734
0.71718
1.51582
-1.94526
10.6745
-5.87922
0.0973
-5.20738
9.23114
18.4126
2.92914
8.7017
7.07036
0.99084
5.63186
14.0998
-0.5827
1.05146
0.16572
-2.53366
-3.70998
-8.91642
10.7775
-12.314
-15.4666
-2.94672
-2.43528
2.32018
4.06902
-15.5125
1.75602
17.7565
-9.75096
7.7418
1.07524
16.6372
-21.8965
-0.3708
-5.70436
-5.16824
1.33816
12.1721
2.6444
9.9501
11.3869
-4.21972
2.05466
16.7186
0.2154
-8.21392
5.42254
-15.3755
6.44158
6.79528
-7.70316
4.1391
10.7647
-9.45038
-1.44372
11.8656
6.49264
6.09778
1.3358
0.104
3.16714
0.431
-0.41188
-9.2976
-8.19096
1.99016
6.72952
-13.2649
3.80302
11.1238
5.49766
1.50432
1.30384
3.72794
-4.71336
-4.01732
-7.15544
2.10888
2.22258
-12.3453
14.3374
0.2206
-2.51674
5.80416
6.51392
6.91886
0.0585
2.44486
-4.38612
1.89592
4.55594
-0.56508
10.3497
14.4081
-9.13188
-0.8557
-7.55468
-9.02686
-0.78202
-5.32748
-4.3895
-6.07892
-10.4712
-0.59854
2.49552
-3.89936
6.32702
3.3166
2.7189
1.1504
-3.7283
5.21632
7.49868
-5.99992
-13.7282
-1.39728
2.19368
11.4528
-1.5533
-12.3405
14.1971
16.4613
-1.09116
-2.92506
10.4784
-7.82164
2.37786
-4.011
3.06326
-7.76014
17.6029
-1.36062
-8.82224
10.0361
10.5497
-9.19298
10.7684
4.62756
17.3809
13.0596
20.3661
-4.11526
-4.52018
-1.2459
-8.1762
1.63232
5.66888
-11.651
2.9493
14.3943
-6.94896
5.06312
13.5799
-9.18134
1.34186
0.1545
-6.9379
-11.8756
8.08666
1.736
3.73682
-6.8811
5.26924
-4.35108
8.56222
-7.46642
-12.6916
1.3267
9.47046
-9.4607
-7.28006
3.51942
-4.94528
5.09516
-9.94184
-2.67692
-1.52196
-4.63144
-3.5917
9.43462
2.17236
-1.30696
6.51444
3.14284
-7.85696
-13.8855
-11.1331
3.88494
-6.55782
7.03594
3.0064
-13.5939
6.72918
-19.5295
0.14236
2.3587
7.48396
8.65114
-3.63108
1.61368
4.23404
-12.9356
4.36402
3.2149
-9.7963
-11.7698
-1.0161
0.01266
-8.84838
8.5035
9.25066
15.0271
-5.41372
-1.20616
10.2798
-3.56328
-0.55906
-2.56108
-12.6885
-3.98692
-10.9798
3.12458
-17.2685
9.26624
12.0746
4.13536
6.60926
-16.0857
6.9372
6.43642
-17.1202
-4.08282
0.09022
-10.439
11.3815
1.55402
10.2266
6.88386
-10.3113
-7.51952
-4.0029
2.32396
-1.9721
-3.4701
-6.22854
2.299
12.7788
7.79862
-6.92034
4.60262
0.55516
5.61558
15.9615
6.28566
-5.20046
12.4781
-8.2711
0.4384
-11.7572
-6.60774
-6.03544
11.77
-9.5831
-6.83642
-0.32862
7.56922
2.1765
3.41368
-3.39422
-8.50572
-4.5826
-2.54564
2.00238
12.1543
-3.13832
4.91286
-0.46704
-9.14888
-12.3076
2.9209
-5.7824
7.1544
0.15454
12.3186
-4.65526
0.41972
8.62874
0.72364
7.59676
2.27064
-5.31468
-11.2219
9.42088
-1.67086
-2.80556
-19.0965
-3.69398
2.54594
7.2198
6.50908
-0.54512
8.66078
5.03004
-0.42804
-14.8446
-11.459
-4.13162
-7.91778
-4.03576
4.4713
-1.4925
-3.05886
3.01502
-7.71442
-0.75304
11.3141
-11.0039
-1.58728
4.4562
-11.1374
-3.5622
8.32156
-9.48362
1.40696
-0.97502
11.87
6.78062
-4.05068
-7.56466
6.0985
-6.35206
-8.30828
1.77742
-3.85688
-3.77384
-3.15404
13.4393
-1.7421
15.2964
17.9841
5.13644
-4.01302
-0.73076
2.59808
-3.02554
8.65558
-3.96376
-7.1384
-9.91988
-12.11
24.091
-5.39078
12.373
4.29088
8.29266
-8.69956
-10.3884
-12.3853
-0.16608
-2.5977
6.11422
6.7427
-8.11466
0.93834
-9.46114
-10.5954
6.2497
-3.18176
5.83546
-1.94626
0.98108
5.11134
-7.37822
-2.9793
-2.13768
0.5999
-18.6207
4.9782
5.96282
-3.78576
6.45964
11.9296
4.07212
5.41228
10.4119
2.28036
-1.84364
-12.7747
9.05318
3.04466
2.26836
1.96418
10.3742
-10.4295
-3.4351
0.54288
-2.17654
3.08608
0.11582
-1.54264
4.06844
4.28288
2.12874
3.97436
-4.97366
-2.14882
-10.6154
-11.3395
-0.19262
-2.33764
-5.66126
6.02424
9.56458
-0.29072
4.34062
-4.1485
-7.61744
11.4827
1.13224
-10.8413
0.43626
-12.9402
6.4423
-0.89648
-1.01234
6.5133
7.31724
-16.1857
15.8461
-9.05608
-9.69532
5.7835
2.10438
0.44254
6.6872
-5.67416
3.61582
-12.3382
-13.8274
-3.2137
11.7476
-4.74076
5.98872
-1.58256
2.37614
-2.88304
-0.64568
-1.53512
14.5023
5.9012
3.34256
-4.34678
-5.68794
-4.53084
-6.39936
13.4469
-3.22666
-5.57804
2.39238
-6.45668
13.2973
0.6053
-4.0913
5.03658
-7.29256
4.1058
-7.48106
-8.98794
6.2033
3.54608
5.43028
4.5812
8.81526
-2.30698
3.3962
-13.261
6.97798
8.16776
4.4856
22.612
-6.00934
6.27024
-5.14182
-7.13982
-22.1876
-1.18744
-14.2098
-7.61768
7.62502
0.61896
-12.8908
-1.4305
2.62666
1.92712
-11.692
10.9071
-12.1616
-14.7519
-5.26148
0.04042
-23.2671
-6.23074
-3.683
-6.61038
4.01894
-6.92604
10.6125
-0.39592
-11.2906
2.5533
8.27004
4.82384
13.2269
10.0596
-4.07232
5.44912
13.1837
3.19274
24.2972
-1.49412
9.79948
0.36272
-1.74334
7.4905
19.5991
-7.90048
5.2251
8.01512
4.57112
6.65444
-9.13476
1.51774
-16.6651
10.6731
-10.4159
0.18296
-6.93926
-1.34072
-4.10002
-6.73312
4.3448
-13.6942
2.85798
5.01444
-1.46932
-8.80526
-9.50494
-17.1027
-10.16
-0.73926
-5.32734
-2.03234
-6.09694
-7.00768
-4.86356
-11.2529
2.71322
-1.21384
-8.97316
-4.66406
8.21332
2.14276
3.06058
3.7383
-0.8924
5.8732
9.55132
-0.98968
4.64528
-2.37296
5.59882
0.44158
-11.1942
15.0078
2.84134
6.59454
-5.52756
-4.10144
4.72666
4.16552
5.24386
-2.56786
1.1592
-5.46344
-4.98546
4.5304
8.98736
-9.03722
-10.8175
-4.04488
-4.14556
2.60534
17.9766
-11.156
6.99782
-0.28288
20.8212
13.1512
-4.75484
-17.144
9.2726
-7.18886
6.83004
-8.30214
-8.43964
-8.45262
3.27998
-2.79278
-3.04252
-0.3865
-13.0527
-7.99868
-8.88474
-5.78444
-4.31294
-2.73738
-9.53476
4.45238
8.72516
6.05722
-0.2176
6.75718
-5.11482
4.92166
-6.12868
4.75432
-4.47498
-6.98564
7.65436
-3.39832
-1.5493
12.2082
6.33596
-7.84614
5.02036
-16.7906
-3.37694
11.0234
-1.34444
-11.3888
6.97124
2.37818
-15.416
-4.2558
-12.0846
1.3715
-0.29722
3.52958
-1.7946
9.34068
-4.00848
4.82762
-2.34916
1.79534
-0.34296
-0.41078
-6.5153
-11.2017
-3.05482
-2.85
2.43732
11.343
2.83846
12.3856
-9.67878
-2.85022
-3.88538
-2.88694
-0.5818
-3.7035
6.54408
7.08518
0.20656
8.73156
3.9747
21.4722
7.6869
-5.49304
-11.487
-0.288
-3.50486
-3.25786
-5.6251
5.44782
10.0359
2.56442
8.36764
-14.9734
-4.0651
1.1951
-3.21114
8.70796
-10.7153
2.71534
-19.2747
-1.58418
-2.41334
-19.6829
9.82912
4.77766
8.07132
-9.1759
7.08822
-1.72316
-4.74278
-4.14462
6.79298
0.71306
11.583
16.4314
-10.779
-8.9771
-3.57294
-8.08346
12.1618
-0.10912
-14.94
-10.6366
-1.7759
-8.41326
-5.44544
3.05498
6.3052
-10.9419
7.75222
-8.18114
-11.2228
-16.0418
-3.88806
-10.9612
2.92938
-6.30998
-10.0505
-8.12902
22.2359
11.2814
10.3154
-1.39322
0.68224
17.6788
2.8895
13.129
-2.2093
6.82536
-3.76246
-2.53188
-12.7608
-16.1364
-0.2871
4.33538
-3.41576
1.06272
-20.5525
6.10804
-3.16556
-14.665
-0.24092
1.03842
-1.24832
-2.66784
-7.23704
-2.72972
0.38978
1.9004
3.49562
6.84454
-4.48224
-0.07142
-8.25888
-6.52854
8.23458
-13.1737
-13.4958
-17.6447
6.37964
11.2826
3.1916
-1.14446
2.99598
-2.35386
5.53196
0.6708
-1.56258
21.6149
0.60006
5.25114
6.64016
7.41466
8.03918
4.58542
2.95972
-9.65814
-2.834
-1.5446
-2.69738
-11.9978
-10.1494
3.0338
-1.88266
0.28254
-0.87386
-0.81116
3.09122
-2.84444
-0.33796
-1.09392
7.96718
-11.9106
-10.1404
-1.99006
-10.8849
-17.0067
8.80102
0.0774
-14.7566
-7.3604
-8.40858
-9.45376
1.25734
12.1711
4.3422
-6.22162
5.18098
-11.683
3.10222
-11.3012
9.16646
10.6391
-0.78576
-8.42038
4.96434
-10.8599
6.95704
2.2514
3.59624
8.06504
4.2502
1.2117
-9.24854
0.52322
5.38086
3.97036
-4.82068
3.46184
0.04624
-5.17664
12.1382
-2.02926
-9.6788
10.3957
-12.2933
-7.49324
2.5331
0.69648
-8.85572
6.8165
-0.00288
3.53264
4.1716
-6.37318
3.25632
5.15538
3.86764
4.48312
-0.86912
1.29164
-11.1359
-14.8939
-0.3634
-20.2677
-9.16484
7.23584
9.77268
5.98548
-2.11928
8.03312
7.44608
-2.67894
-6.94158
-6.1847
3.8007
-11.1995
-2.78124
3.8257
4.18614
6.94604
2.23936
-11.4429
23.9226
-1.42156
2.01016
-4.03938
1.92118
-6.99684
-5.60544
-11.4172
-7.91644
7.05214
-7.47924
6.39192
-10.4334
6.00562
15.6993
12.3023
-3.9852
0.92156
-8.41232
-15.3111
7.42062
10.7362
-0.95958
-4.85114
-6.75206
-0.85804
-1.9752
-3.31246
-1.82896
10.1356
9.59794
-2.16838
5.46498
4.74058
-6.17398
-7.1624
-4.02282
-0.95636
9.5343
-10.2792
2.41098
-8.43346
-12.5732
-7.96948
-6.78044
3.03274
8.45538
-5.527
-14.627
-17.7092
-8.16562
-3.17346
2.95128
-8.41964
3.19604
-1.40182
-4.38866
0.71222
-20.5714
4.37492
-11.5065
8.49352
-10.7458
-20.7481
-10.5496
8.31806
17.0639
-7.5822
4.52058
0.77662
3.7303
6.11564
-6.08808
-0.59306
-10.8605
5.58256
-6.00648
-6.57814
-9.14898
5.60164
0.98918
6.32852
0.8918
4.9914
9.3523
5.89218
-1.43198
-13.6534
1.25612
-2.63874
-0.15284
10.3368
5.21936
-0.48358
-6.8724
1.16138
10.0852
2.52994
-0.23344
10.4378
-2.0954
-6.22216
-2.3547
10.16
-10.1929
-3.60558
4.65786
4.38872
-6.72068
-2.06742
-8.8932
3.1077
-3.81498
-1.38484
0.67114
9.70778
-15.7168
-4.07026
19.9784
1.17684
8.28802
-7.24428
-6.5994
8.10256
6.55804
-4.81734
3.5782
1.15488
-8.72594
-4.48182
-10.9627
-2.27678
-10.1284
1.07864
-7.22942
-9.24248
-9.1692
-10.6787
0.8189
7.5711
-5.16592
4.22386
6.93416
-1.60498
1.65718
12.2018
5.07198
17.4832
11.0407
-16.4123
-3.60416
-23.0825
-8.62016
-6.6651
4.22902
-13.8689
4.57614
3.06564
2.29692
3.64036
-1.62032
6.17014
3.09862
-5.99514
-0.024
-2.40814
8.6985
2.75194
12.3409
10.6033
-14.7897
-2.96068
-5.64
6.04278
-0.70228
6.22572
-1.3061
1.02582
-9.12384
2.84996
0.42236
-4.61782
0.33052
4.26896
-18.5099
-8.15548
-3.46494
10.4303
5.257
1.53914
-3.67558
-2.05576
-13.1309
9.95768
6.5558
-4.73286
4.75702
-14.7589
-6.68858
-6.2429
-9.09768
1.3539
-11.7308
13.4828
2.60484
-1.5524
2.12228
-5.56838
17.7377
-14.4202
2.50744
-5.10576
-1.08552
0.29388
5.73118
5.6413
6.27508
-0.67704
-0.45262
-3.47668
-5.47182
0.62582
-1.84924
1.33924
13.1521
-6.242
15.6042
-11.1995
-4.21772
0.87854
-2.60798
10.4508
6.92408
3.74334
4.16732
-7.73156
8.60214
-0.85466
-13.7268
13.0026
-7.17058
1.63144
-3.08034
-10.1979
-8.32826
-11.1257
0.5917
-10.5809
-16.7818
0.01356
-5.07422
-9.69504
-8.56316
-14.3186
-1.10702
0.07838
13.8296
0.68248
0.7581
-6.1551
2.89782
-3.50106
13.434
4.28802
6.3618
9.29296
0.93258
4.34832
-3.85144
21.0453
-6.81068
-7.94938
1.99098
1.72888
8.62318
-1.76804
8.17522
-6.76514
6.95534
-7.27474
-6.52886
0.39316
-1.39634
0.07284
0.37784
7.12236
-2.51448
-3.2034
-6.50194
-2.2129
-21.924
-4.12778
-6.56636
0.8248
-16.4681
-8.21886
-1.53804
-0.26238
-11.1442
3.80076
-5.53062
6.721
-8.7528
7.64872
-6.21876
-16.9637
7.04896
6.97554
7.42682
8.04156
-8.32802
-1.16776
-7.83928
-0.00374
11.1304
-12.8543
-4.50554
-4.31606
-4.90938
-3.17144
-14.5072
-4.15208
-3.71404
-9.08112
6.0508
1.97692
-4.48888
-5.24734
-7.5366
-11.3188
15.3229
12.9439
4.5787
-2.89126
-11.4299
9.64978
-9.83326
12.8086
-6.78126
6.84048
9.57164
8.2929
5.95668
-5.24602
15.2305
2.33602
-7.80674
16.1937
-1.65048
-5.4533
13.1964
14.3539
11.9729
-3.51272
4.57392
9.74112
13.5425
0.90462
10.5637
3.88816
3.51826
-7.184
-0.5227
12.906
8.4138
-3.05746
-9.73772
2.99236
8.28934
-20.3733
-12.7952
-1.02262
-1.48978
-1.14566
9.2687
7.62858
-0.5667
-1.36048
-6.77236
-3.94268
-13.0726
9.60312
-0.39136
2.7632
-4.6478
-5.38354
3.9138
-0.93382
7.2556
-4.77446
3.04932
9.41608
6.00664
6.54568
-4.05384
2.04296
