6.25288
-1.1519
-3.05036
4.62234
0.17402
-4.27054
-7.57674
-1.74358
-2.36002
-4.7702
-6.53578
-8.21898
5.3784
-5.29884
5.5801
-3.57672
2.31934
12.8289
-6.06204
8.64744
-0.78322
-1.1963
4.65438
-6.1929
-2.01638
2.7349
0.7345
8.85974
-6.02616
2.7171
3.38964
2.44058
-0.92708
-0.40616
0.70524
-3.77274
-6.34058
1.43946
2.30876
0.28856
6.37856
-5.38736
-5.25236
6.84616
-5.52918
2.83508
-1.19372
-0.27488
-1.71892
-5.13396
2.59892
-0.42446
-0.2953
-2.53116
2.2362
7.69984
-5.67224
5.38682
3.44248
3.62986
-6.76786
-1.34892
-6.42736
0.96972
-6.04852
2.12918
-0.53762
6.19908
-6.15564
-1.22166
3.32838
-0.21494
-0.11432
0.83642
-4.12256
-6.43902
-1.7355
-3.75424
5.45052
3.43868
-1.68964
-2.22668
1.67378
8.96598
-0.90178
2.75376
0.41142
-0.3306
-11.2676
-1.61242
-6.29118
1.95904
-5.3334
8.0573
5.77416
-6.4642
0.36738
-5.07866
1.93936
2.13874
-4.08492
0.1137
-1.4832
0.72354
-0.77338
3.10802
4.31944
-3.34564
2.50806
-1.06274
1.01814
-7.03394
-8.65236
-0.68108
-6.46418
0.77172
3.07602
5.09258
-2.23964
-4.95236
-8.99698
-5.57462
2.83
-0.77466
1.16524
5.21688
-2.0724
1.91222
-1.1522
-1.44106
0.39046
-2.44162
5.141
2.01168
1.28956
6.72578
-10.6853
-7.98912
-5.66724
3.32758
3.08472
0.64152
3.71268
-1.528
-3.71952
-2.21194
-8.36754
-0.63172
8.82788
1.53548
4.13336
5.76118
2.77034
3.73278
4.92562
-5.06994
-10.0423
2.83324
3.74348
1.75302
5.30966
-0.92804
-2.76126
0.75076
4.29288
1.59606
-0.92936
2.18722
-1.30342
-5.49706
1.69406
8.15972
-2.56664
-0.31492
-2.91802
5.2241
-2.49856
-2.33134
1.50258
5.54278
5.46732
8.33308
-0.07654
-3.88268
-5.1337
-4.22984
0.09606
5.78536
-2.73984
4.38706
-1.99982
-2.44064
-1.0518
-4.82608
-1.35622
-4.425
6.15964
-0.4437
2.4709
6.79874
-0.37978
-3.37722
5.27754
3.92056
-1.00882
-8.72758
1.47406
5.5585
-1.6567
-5.10218
-3.67536
-4.67514
4.16804
5.56992
-2.9493
4.71856
3.6481
-6.74664
-1.676
-10.4519
-1.2089
-0.84234
2.19514
4.65632
2.40404
1.86326
-3.69766
3.0158
-1.50182
-3.10322
-0.30176
-0.40598
-0.1266
3.49038
-3.89082
-5.63784
3.51628
-1.8318
-1.96152
-3.23236
-3.28394
4.45266
9.14172
0.58102
-3.80842
5.11976
1.52958
-1.447
3.4241
0.32224
3.11082
4.07318
-4.28042
-5.75426
-1.89322
6.81132
2.7598
4.15512
-0.33458
1.44688
2.1269
1.06134
6.50796
-1.33622
-2.42032
-0.81874
3.63912
-1.54604
0.86784
1.67748
-0.21704
5.33332
-3.78038
-5.05334
-10.9584
-1.81438
1.97796
-1.50352
3.80098
-6.86752
-2.27166
-4.934
4.45024
-4.00318
9.63686
5.1121
-5.28456
4.93116
4.83784
5.65834
0.71376
-0.9507
0.63642
0.70894
-4.08342
0.69276
-0.96772
-1.03098
3.07954
2.42332
2.61034
2.67442
-3.26404
3.8433
4.72586
-1.67926
4.55272
0.23536
-5.2981
-4.10342
-1.07048
0.5319
-4.79562
6.22664
-2.14762
7.43888
2.35656
-3.21238
-1.80256
4.05526
-5.17802
5.37858
6.5853
-0.70392
0.4719
-2.23816
2.73022
4.38778
-7.50842
-1.10428
-3.72018
-1.30712
9.79588
-4.3481
-0.97396
0.97056
2.54784
-3.27266
1.49336
2.04668
0.32434
1.63526
2.82422
-0.74714
-1.16314
6.7821
-0.62176
-6.03572
-0.53712
-9.23496
5.34928
-0.51164
7.99418
-13.035
1.52354
2.30534
1.7599
0.3223
2.84506
1.8197
1.29486
-9.46448
3.04064
-4.43802
0.51812
1.0316
-0.20772
-2.55534
-3.45254
4.0226
1.05204
-0.39848
-0.86448
4.2093
3.10782
0.5891
-5.78918
2.14844
-5.0763
-9.54148
4.91658
-0.3648
0.0069
-3.33166
-12.2122
-3.15538
-8.05802
7.73266
-4.92572
4.77644
-0.06826
-5.55382
-3.17878
-0.17822
2.7898
5.00956
3.82188
-6.61392
-3.82706
-3.91018
-6.04928
2.8246
2.24042
10.0794
-9.07346
4.1646
-2.71144
5.03062
3.59872
0.18744
-7.798
0.47672
0.962
-2.17054
-2.94582
7.81556
-3.69226
-4.04862
0.35552
-0.75776
-2.06416
2.98216
1.66686
-7.47986
-1.59966
-0.0808
-0.3541
-9.12778
-2.48964
3.68066
0.06462
2.82744
0.26086
2.10288
7.38156
-2.72234
2.36894
1.47718
0.28786
3.94326
-1.16428
-6.22598
-2.46074
-4.59558
-2.41542
3.90396
1.0963
1.7344
3.8332
-4.52788
-3.9666
-4.20018
-8.62274
2.00282
1.26552
0.22134
0.3977
2.69676
4.52664
0.86002
-4.14796
0.58008
5.09958
7.03296
4.0387
-2.77936
3.56662
-4.33244
4.77702
6.99442
2.9533
2.76466
-5.5496
3.84506
3.58636
1.13616
-4.03876
-1.03692
-6.3433
-2.92032
-2.69594
-7.54958
-2.81194
4.32332
1.64964
-2.12266
3.38552
-4.5141
-2.59372
-0.83062
0.49074
3.60148
3.88554
-1.84362
0.34566
0.03694
1.38144
-1.33724
1.54258
-1.67718
2.43158
2.67218
-1.12414
-0.3312
0.60452
-3.85324
1.13042
-6.47856
-0.96676
11.6276
-0.9885
-0.41876
1.75712
-2.61822
-0.4131
6.76478
0.30172
-0.07424
-0.15372
-0.40684
-1.91132
-5.3946
-2.40592
11.8546
4.77936
-5.53796
-2.91838
1.79332
-0.67382
8.44008
-2.86382
-6.3381
6.58738
4.25402
3.01546
-7.95116
-2.601
2.4289
1.79826
2.13552
-1.0927
0.3251
-0.3943
-5.84132
-0.29636
-0.261
-2.11458
0.11194
6.87126
4.15506
4.90262
8.84558
5.62058
0.59898
-7.84374
2.53586
1.86386
-5.20588
-2.40536
2.0507
-2.26658
5.61774
2.47194
-0.67132
2.36512
7.54248
9.62264
6.43052
-11.6475
10.4073
-3.69696
-3.03498
-0.71518
1.90378
-7.2768
4.6172
3.29812
-6.63894
0.20618
-3.9976
0.71982
-1.35234
-0.9293
0.45284
-2.13388
-3.39562
-2.96746
-1.93272
-0.70888
-4.94444
-4.39352
-0.18112
-5.08614
4.10054
-1.97138
1.5532
4.99928
-1.98186
-2.2032
-1.43368
1.85248
0.87422
0.05486
-1.82018
-3.29722
3.98272
-8.45372
-0.54338
-2.92502
-3.36424
7.31358
2.88102
-4.85872
-0.33596
0.23472
-0.95768
4.8084
3.2098
0.2849
-6.89902
2.02926
-3.3713
3.16156
-1.5997
0.96364
-4.29474
2.00884
-3.57042
-6.45484
1.20914
-9.77826
-2.78356
-2.39254
2.4698
8.82484
-8.5163
-6.58522
3.29876
-1.41514
-12.2424
6.6981
-7.4093
2.99716
11.8334
1.8137
0.93686
3.64558
3.66212
3.02742
-4.84824
-1.52938
1.27164
-5.11668
2.96518
3.08808
1.56216
-2.75734
3.108
2.67128
2.35922
7.87196
0.29814
2.20236
-0.9588
-0.76618
1.44464
3.74834
7.22688
0.45354
-1.26388
-1.18748
-0.18812
-4.45288
-2.57704
-2.58336
-4.10582
0.22384
-2.7204
-0.50012
1.38178
0.24514
5.28246
-1.7339
-3.1382
10.4436
5.38766
3.31472
2.77834
-2.55466
2.17166
4.28788
-0.80238
1.68512
-0.47774
5.35124
6.51706
-7.06088
-2.92196
2.73644
5.3771
-1.95816
1.24874
1.4037
1.4293
-11.2812
1.14704
-5.59862
7.27114
-6.71246
0.50274
-4.3724
-1.95896
-1.53552
-8.95722
-3.71766
-1.34086
2.0794
-3.35968
-4.39268
-6.17554
5.43756
-4.07466
-0.7703
-3.15942
1.10202
-2.11992
1.08624
-4.0644
2.1147
2.55894
0.84406
-1.94508
-1.44732
-2.54092
-7.06594
-0.90754
-2.20946
-0.9786
2.86358
5.24814
8.32748
3.40664
-7.5406
-1.34958
-4.08184
3.209
-2.08102
1.86696
-1.19614
-3.54638
2.65788
6.58514
1.1258
4.2007
5.20182
5.40892
-0.73392
-4.22884
5.94142
1.65942
-8.67932
0.87588
-2.7391
0.9421
2.94452
-0.23638
5.96082
3.68508
5.33526
-4.60316
-1.79392
-2.60326
3.87318
1.41142
6.30204
-2.28604
5.44306
-1.50852
10.4876
6.39928
-5.68398
-4.83874
-0.21686
6.9576
-4.98528
-4.09272
5.94476
-2.81936
2.07168
-2.4412
-8.26594
-3.61888
-3.62202
3.35982
-3.65702
-0.26624
5.45572
7.19874
5.94414
3.20518
3.17334
10.3922
5.83886
3.24968
-5.95126
-3.77912
2.57272
0.6418
-5.37992
-4.46402
-6.86608
-2.63366
-2.57624
1.3364
-1.52156
-2.9164
-2.75178
-2.4252
-1.05588
6.89108
3.39842
-0.99364
7.71164
-1.37678
-0.3953
6.06636
-1.18974
-1.76088
0.71382
1.10782
2.43594
-8.36658
5.97302
-2.25446
3.92514
-4.51002
2.16196
3.21098
-2.44486
-1.33906
2.2614
-0.45468
-2.39056
4.00598
0.6293
2.6475
-4.3697
3.7114
3.67216
-4.75874
-0.15492
-1.29284
2.91738
-2.40234
5.5679
5.00084
-5.689
-0.19748
0.08788
-1.51562
5.94916
2.0154
1.85986
0.73076
-1.44424
-5.89774
-0.09152
-0.0919
2.21068
-3.61774
5.1442
2.94566
-0.65784
-6.22004
-0.2893
-3.82112
-1.17966
-7.0037
4.66992
-0.89632
4.36962
1.89618
-1.86322
-1.544
-1.13434
-3.64994
-1.60226
6.56428
-1.14028
1.59402
10.0818
1.30292
-9.4708
1.43188
-9.53424
4.72906
-2.42812
0.16506
5.69166
-1.42976
2.64352
3.86416
2.2046
-5.60418
-1.98504
-4.9374
0.05098
1.61084
0.19452
-1.17518
-4.83136
-4.35212
-0.31138
-0.5632
-1.83512
-3.83568
-4.13608
-4.39158
4.4081
-4.90282
-6.05732
-4.04316
2.10572
-3.76916
4.91684
7.6386
-5.54426
6.40072
1.917
6.5842
2.07958
1.53
2.10798
0.74934
-8.24254
0.3693
-5.35528
-0.80976
0.57888
5.12038
-5.897
-8.95122
2.40276
-8.6366
-4.23458
-2.10698
-6.01174
2.35746
-5.09094
-5.1395
-2.01704
1.14628
-1.97896
-2.1732
1.2333
-5.15808
-1.15644
-6.83646
-3.92334
7.8307
3.87978
1.40574
1.27104
2.13088
3.99784
-2.95272
-4.74052
5.23158
1.01658
1.23426
0.97198
-4.2534
-3.2945
8.44068
-2.0384
4.72988
4.88404
-1.54508
-4.42842
5.40124
3.05126
-3.22066
-3.00986
-2.13806
2.0083
-4.27204
-3.79078
-2.96298
2.6679
4.23974
-0.50704
1.07848
-0.89546
-7.33776
-0.91356
5.81624
1.95166
5.49658
-8.10062
-2.22568
1.32854
-1.27162
8.59968
-0.69036
-2.83744
-0.45738
6.2194
-4.60488
-0.77886
-0.08864
-1.33524
1.55958
-1.66082
-2.79864
-2.40238
-4.15506
1.69788
-0.2127
1.538
6.3436
7.38496
-4.62238
-2.14972
3.66434
2.25232
-6.66478
8.3298
9.272
4.35646
3.5787
2.55206
-6.27504
-2.29438
-0.55544
-4.26056
2.90304
0.62094
2.48242
0.97976
-0.96496
-0.35618
-3.36148
-1.58982
-0.46234
2.12518
4.05262
3.2399
2.7322
-2.6815
-3.13984
-4.08664
7.74236
-1.52276
7.62378
-2.29824
3.35254
5.61904
-2.63412
-3.84096
-4.32298
0.08286
1.37286
-1.85334
-1.78544
-5.59516
0.66852
-2.59724
1.6293
2.13172
3.55772
-6.12324
6.0798
-0.77296
2.127
3.57338
4.42344
-0.84804
7.74928
-4.31632
1.05036
-5.9865
-0.85428
0.63406
-1.63502
0.96174
-8.31122
6.8504
-1.85466
-7.10334
-7.62968
-13.2761
11.9372
0.94244
-5.65584
-2.53772
-4.15972
2.7916
4.02062
8.09802
1.36332
3.0875
1.03102
-5.67948
-5.1006
-12.1137
-6.64834
-2.18022
6.02082
-4.43912
3.38088
4.42564
1.69768
2.31736
1.8733
2.42086
-3.49676
-1.15766
-2.27986
0.22438
-1.03826
-0.68968
-2.88468
1.59356
-6.40252
-8.8572
4.72108
3.67324
-3.02312
5.82498
-2.81826
-1.65656
2.08308
-5.96054
-10.3197
-5.74196
-2.79958
-3.25216
-1.22166
-1.04978
-4.2604
2.41144
0.7211
-2.06018
-6.96976
1.7903
8.16186
5.63478
9.68078
-4.738
-0.85006
-1.92624
-4.72532
-1.1348
-5.81344
-1.98278
1.14904
-0.02002
4.36144
-0.6515
1.7598
-5.32966
0.62608
0.484
1.50902
2.31466
7.89442
0.34786
0.39532
-0.06158
0.37618
12.4581
-6.59708
9.69884
-0.56308
-2.96202
-5.81082
-2.55494
3.5507
6.76216
3.97822
-2.5747
-2.6745
9.39966
4.41488
2.91126
-0.99476
2.07008
0.86084
2.50224
-2.90128
-7.36872
1.20014
-1.66986
-2.87146
4.71678
4.54322
-0.59664
-1.8384
-1.3987
-5.51274
-3.67374
4.20592
5.85192
3.417
-1.55984
-4.69358
0.21256
-1.05152
-1.38938
5.98034
4.5928
0.38238
-1.7399
0.30016
-1.30516
-5.67286
4.09494
0.34042
-2.7974
-0.02722
-1.15796
1.31126
-1.2649
4.59806
1.65528
-0.49446
4.36124
3.45562
-3.40722
-3.07836
2.1894
-1.7941
8.12274
-3.79776
0.3071
-4.19978
-0.98114
-2.60254
2.99328
-2.72314
-5.9639
0.3594
1.25334
-4.54132
-0.14502
1.965
2.42202
1.6803
-0.93414
-1.58772
6.21248
-1.42238
-7.54254
-5.46958
-2.69138
0.38438
-3.02702
0.10022
-2.62022
-3.47304
4.28644
4.98138
1.62776
4.39592
-0.8425
4.24166
2.50626
7.48424
-5.98218
-4.02924
4.7968
0.11922
-2.68458
-3.13566
0.34858
-2.36358
10.1826
10.9095
4.1542
2.83376
-3.34088
-1.99686
3.3767
1.14698
-1.68352
0.233
-5.42974
2.1763
-2.83608
2.31288
-8.7272
-1.5352
1.2384
5.77298
4.9815
-1.19972
-9.3846
1.35116
-2.7502
-0.14548
-1.12086
-0.6598
-1.65792
6.57982
-0.41556
-0.11794
3.27344
5.08566
-3.6932
-4.49362
1.998
4.56048
3.7574
-2.7302
-5.23522
-0.70452
6.192
10.5659
2.04094
1.13312
-3.26006
-0.50348
0.03294
1.68424
-9.15932
-1.001
-4.37556
10.5542
0.91936
-3.4826
-2.54756
-1.79802
0.23156
-4.68866
-1.16266
2.49778
1.17072
-4.30438
4.13996
2.39066
-7.54896
1.70848
0.07954
-3.42434
1.3542
3.29372
-2.07824
9.28444
-1.8786
4.75286
-3.515
7.70684
-3.85728
9.72306
3.12128
-1.407
-1.93666
-0.73774
3.8732
-2.63416
-3.05804
2.79404
-6.79834
2.55812
6.34338
-4.07916
5.62988
5.68054
-1.72262
1.70674
4.44996
-4.0021
0.2873
-0.2014
1.0545
3.53288
2.48046
0.91488
7.196
3.0695
1.3979
-1.86198
-5.09566
-1.53018
0.30414
4.71938
-1.4878
7.66552
4.73224
-4.90562
0.05282
-1.58186
-2.75374
-1.79486
0.2522
-2.74952
0.82892
-3.84998
0.16384
0.9868
9.82442
1.95774
-2.52808
-12.9307
2.16686
-2.73052
1.64324
3.12832
-0.87496
10.8831
-2.30138
-1.32514
1.62912
10.2899
0.94426
-2.46482
0.96504
-4.76942
-2.19468
1.70024
-2.73574
6.8527
-9.5841
-6.94006
-0.64836
-0.28528
-1.7774
4.0847
-3.57686
3.12148
-2.3565
-2.2942
-10.9492
0.06868
-3.67778
-2.12168
-1.28074
-4.51114
3.87516
2.74942
-2.8593
-5.56774
-2.50554
-6.26902
0.14522
-0.59484
0.73968
0.85846
1.86872
0.26924
7.11084
-3.91332
1.89568
1.26424
-0.96554
4.70384
0.91122
-6.9242
4.17578
8.47014
5.73262
-5.43386
0.7533
4.531
1.31196
-0.1349
-0.98954
-4.55846
5.02164
6.90486
-1.15554
2.51442
3.82734
-8.85398
-6.08038
-0.46454
-11.0303
-7.46154
-3.65812
0.56552
-0.09172
-12.0685
1.52612
3.47418
5.6389
0.90888
2.36192
0.17126
4.75562
0.92604
-1.15094
-1.74088
1.04926
-3.2171
-1.45004
2.81996
-0.44382
-2.16224
-1.61524
-1.21064
0.82026
-0.08126
2.41174
-2.69774
4.05724
-0.0197
2.19218
-2.4688
-2.80036
2.35318
-0.8143
-1.47772
1.7779
3.06994
3.34372
2.19828
-1.61922
0.02586
-5.22128
5.16418
-2.38838
0.06482
-5.92292
1.99278
-6.54882
-2.40968
-1.84874
3.32448
-0.56968
-2.43338
-1.07532
6.11912
-4.7627
0.1686
-0.1309
5.7021
-0.74726
6.97968
-1.89206
1.65664
-10.2596
-6.7075
-3.2381
5.99132
3.93248
1.22388
2.02404
-3.36482
0.69054
-2.77726
8.65378
-2.6027
6.55974
3.79256
-1.06338
1.48854
0.78628
3.54904
4.452
5.23606
6.0567
4.28562
2.2991
-10.1965
0.13892
0.65658
2.42082
-1.3677
3.20034
4.55346
1.15582
8.37702
-5.57964
0.05614
-6.26462
1.67156
3.87018
6.169
5.39606
-2.1515
2.00098
-2.34526
-3.05428
-3.82682
-2.0801
0.676
-2.85348
1.17002
3.81854
8.36522
2.54384
-2.84388
1.69854
-2.32952
-0.06722
5.64332
5.778
3.48412
3.82708
1.33822
-4.99676
-1.45478
-4.23722
1.44778
2.39118
14.9358
8.10508
-3.35996
5.77602
-2.96246
-1.71072
-7.67742
-7.21892
-5.42158
-1.89548
-2.45576
-4.8681
-0.96394
-3.14076
-7.10788
-1.98666
0.33588
1.5272
3.87842
-9.812
-1.40782
-3.78262
-0.19774
4.37076
-6.89974
1.24054
-2.81668
3.90378
0.44794
-12.7982
3.57828
-2.74662
5.31752
-12.1346
4.24936
2.1376
0.64002
1.09686
-0.75762
-1.28836
0.03406
0.73522
4.57934
-2.52702
4.37126
-2.9789
0.92216
2.95462
1.82468
5.94562
5.19126
-3.41346
0.93426
-5.6159
0.07554
-6.5439
-4.29556
8.88182
4.17854
-5.80664
1.5556
-4.02906
-2.73766
-0.67462
6.78552
8.87458
9.57102
-5.72506
-1.47546
-3.97698
4.0676
1.79558
8.3774
8.53256
-4.00902
-1.62344
3.0487
7.14008
2.08318
5.51762
-6.20764
-2.49868
2.1295
2.59426
-3.55628
-0.4973
-4.42474
2.36568
-4.20716
-1.88392
-4.852
-4.91124
-4.6201
4.65006
-4.76882
0.45664
-3.15802
5.03178
-4.07408
4.012
-3.05136
-0.33688
-2.34754
-5.33036
-5.3471
2.51618
-3.7893
-0.09964
0.29538
-0.62342
-3.47922
-3.32836
5.9702
-4.92976
5.35836
-9.27876
0.94852
-5.17994
-0.74482
-3.7596
8.8297
-2.97466
-7.79364
-2.61028
2.01906
-4.5369
5.86774
6.2577
5.36028
0.74284
6.01632
-1.9307
7.30696
-0.67654
-0.11392
-1.63596
-0.63756
-4.73226
-1.37108
-0.61232
-1.69626
-1.48482
-2.69152
4.40792
-3.68576
-3.04358
-3.37006
-3.92726
-1.42862
-2.46162
-4.53866
-9.20864
-1.28166
6.15684
0.81006
-4.65906
1.8895
-2.71594
-0.07302
-2.1143
-0.14164
-4.19696
3.83304
-8.76752
4.50354
-3.0644
4.48092
-1.44786
1.7348
-3.9223
-1.40518
4.42158
0.75382
-7.3301
-2.84344
-2.16066
-5.57268
8.41892
0.32576
-6.18854
5.06618
-7.9203
-1.85072
2.68618
3.43164
-6.94684
6.41616
-2.5823
1.2486
-0.91692
0.88344
-10.2884
2.92328
3.64796
-4.47496
-3.19018
0.50958
0.51794
1.1597
-2.13238
0.61726
10.5962
-5.55714
1.45482
5.63868
-1.92338
12.099
-12.442
-2.22184
-6.0283
-5.48094
-1.64144
1.0221
2.4675
-1.689
-0.25686
0.3042
2.58458
-1.54822
2.27108
6.45512
9.85882
0.55982
-0.61804
3.23864
3.25648
-1.95628
-4.0117
-0.19192
-3.05516
-0.68048
4.63534
-3.22878
-4.03564
2.65036
-4.28612
-1.78938
-4.97174
-0.39412
-0.6758
-6.34548
0.76218
-3.0998
-2.65432
5.36882
-4.04446
-2.90382
3.64542
-0.52506
-0.59712
4.20086
-6.5689
3.43858
1.86542
-2.44772
-3.5851
-4.46036
2.96206
3.57988
-5.2225
1.24146
-0.43692
0.7598
1.01876
-6.38962
-3.28654
5.52754
-2.5346
2.35434
0.3495
4.0486
5.15252
3.14084
-1.8367
-1.6517
-2.64872
-6.2033
-8.51402
-2.5415
-1.79664
-4.2621
5.104
-3.2504
-6.27262
-4.31062
1.25764
1.07628
3.26566
-1.3545
2.69778
4.2263
-0.46298
-2.32496
5.19238
3.77988
-4.15582
0.86154
-0.40252
1.96294
3.95388
-3.79824
9.71574
-5.4512
-5.77808
-0.78528
-3.60514
-5.96698
-2.14458
3.16546
6.97926
-3.7096
3.46712
4.44
-0.23768
1.14208
5.59704
-2.00804
-1.65698
-3.87336
0.43394
-4.64212
6.11136
4.065
-3.3925
0.19102
1.98158
-5.31062
-3.5698
0.05222
1.0339
-0.77876
-1.52302
2.6507
-4.90256
-0.7736
1.07508
0.16144
-4.59454
-6.71582
-0.62768
0.0175
3.92242
3.02084
1.78762
-3.87366
-0.8791
-2.83266
-2.41648
-0.2751
1.9291
-1.19634
13.3606
-5.03436
-0.26612
-5.4445
4.17494
-0.009
-3.99526
4.9845
-1.1859
6.74984
-4.09394
0.45412
1.03012
-0.52338
11.1184
4.6068
7.78428
7.19454
-1.70948
-2.04032
1.41204
-1.17476
0.84296
2.75922
-4.97032
10.855
0.614
5.0174
0.1
4.2622
-6.40426
-0.4523
-5.83538
-2.68336
-0.2622
-3.212
-7.13802
-4.31078
-4.46884
2.83146
-6.52546
6.03554
-1.67728
-2.85066
1.27726
3.44398
-0.4444
9.00652
-0.74586
-5.7094
4.01614
-1.4844
1.33518
1.62794
6.4164
-0.41854
-6.88706
8.9615
1.64484
1.33312
-4.01178
-8.1803
-2.52766
-5.06926
3.61516
1.10838
-0.11752
2.57666
1.0669
-2.54438
-0.86096
2.53624
2.01616
-7.3032
-0.50428
-2.11078
-2.72154
1.21584
-5.88732
-7.21634
2.18118
-2.40782
0.86524
-1.6222
-5.19726
-5.13994
0.01202
-3.83508
1.6469
3.5996
-1.22294
1.73518
0.453
-1.01988
2.3744
-3.48538
4.25772
2.76222
4.91426
-1.2476
2.59218
6.5043
2.92074
-2.01954
4.50076
-0.55456
-6.58258
7.81534
-3.68878
0.55564
9.56972
0.29408
1.78932
0.6157
7.55116
2.19002
-0.20642
7.47342
-1.96668
-4.17004
-0.46806
6.33428
-3.1829
-1.95732
-1.9196
-2.54838
4.99276
7.0956
0.73078
7.1042
-10.728
1.95504
1.23096
-4.38816
-4.17362
-1.65278
-3.8744
5.6326
-5.58722
-6.53072
-0.22232
3.24296
5.15374
0.58944
6.956
-2.34048
-0.18252
-4.97404
-0.09454
-0.91522
1.70402
-6.18778
2.49296
-0.53776
-5.9709
-4.69634
1.4131
1.70904
1.81518
-2.48146
-9.00198
4.5996
-4.12776
-0.23158
-0.04516
-2.97626
-6.4338
4.52938
5.00552
2.81824
1.03822
-1.90492
2.03614
8.05524
-4.47334
-5.14834
0.02566
-6.41888
1.99912
1.87112
-5.06308
0.94988
1.81446
-5.66156
9.0137
0.8862
-3.01218
2.70948
-3.54334
0.21342
-8.8913
-1.04784
-1.70922
2.38584
6.13418
-4.00662
-4.91896
-4.98838
2.58506
-1.60068
-5.6317
-0.91196
-0.1161
4.22402
-4.44642
2.00356
-1.6922
-0.87164
-7.56152
5.51534
4.01786
4.70466
-1.15204
1.50392
1.6816
3.36856
6.02694
-3.63978
2.5773
-5.71852
0.26288
10.2778
3.28516
-3.71018
0.73852
-5.14592
-0.83264
-7.63508
0.41934
-4.23278
2.86464
-2.94232
8.32212
4.40552
-3.48154
4.11908
7.35962
5.58932
0.67672
0.21874
0.79538
-1.15296
0.02454
6.90962
2.2663
-1.91552
-0.5612
0.93184
0.79628
3.5718
0.8967
-3.7962
-4.79836
2.156
3.576
-0.33204
-0.8952
1.46038
-1.30656
1.66874
-2.56652
2.25778
-1.12676
0.0044
-3.13598
0.4944
-7.3112
0.4663
4.86682
8.34298
-4.47176
7.07626
1.1178
2.8543
-5.78998
-2.84758
2.46126
-6.00078
-2.43818
1.26586
2.9489
-0.36558
-0.51242
0.62132
4.91314
4.55698
-0.44788
3.00728
-1.2562
3.78576
5.39266
-7.03322
11.7197
1.6027
-4.61196
5.71364
2.4299
-0.52852
2.43266
-1.82734
-2.37266
4.42438
-0.25034
-1.74648
-10.8262
3.12736
-1.40772
2.29538
5.34162
1.7589
1.365
1.47174
-6.68242
3.80222
-2.8561
-2.90204
-1.99198
1.24326
2.49208
-1.94422
-0.3021
3.0628
-1.38286
2.12732
5.10512
6.6149
1.59872
-2.7702
-3.71862
0.08048
1.56694
2.19974
6.2097
-7.20152
-3.3539
-2.39284
1.52018
4.5017
-2.71904
4.26808
-2.19158
5.45484
-0.82794
11.0089
9.01266
6.95322
-8.3914
3.40632
-3.83916
2.66912
-4.66972
7.66772
-2.7921
0.93918
0.78364
0.61408
-1.47982
8.31692
-0.89662
-7.53378
-4.12918
-1.65946
-1.3466
-3.97598
-4.5465
1.601
-1.03666
5.0548
2.47364
5.64664
-1.42052
3.41216
-2.60972
-3.85314
4.44382
-7.3029
-1.59514
0.5049
-3.01228
6.0245
1.89906
-0.63954
-1.28272
6.58262
-4.31298
3.87674
8.42376
1.59436
7.0279
0.86208
-2.39148
-1.6878
1.0818
-3.03796
-0.92366
3.655
6.85028
8.6698
3.66682
1.0383
-2.94142
-2.23682
1.21718
-5.32562
1.13112
11.6368
-0.3095
-0.44374
1.79164
1.45284
-1.11314
-2.95904
-3.4553
8.92128
-6.41574
7.64786
-10.5689
-2.9814
2.38312
6.56946
-3.29822
-2.91832
0.39852
0.66126
-0.70444
-1.52684
-3.6468
-4.0508
1.8892
0.99074
-0.78936
-4.86974
8.76822
-2.61888
2.49096
9.31562
9.7061
-3.92366
-3.49782
-9.13716
2.19478
3.34474
-2.57248
-1.12702
4.24928
-1.89922
-7.17614
-0.61166
2.42192
-1.6521
-1.88156
-1.24882
2.53618
-8.10446
-5.59808
-8.1471
-4.76728
0.83258
-3.68388
1.2937
3.63694
-0.37778
1.55426
-7.17384
-3.93156
6.11194
-4.8091
-2.38648
-5.88288
-0.70036
1.45046
0.49598
3.1564
8.57418
-5.05224
-4.4598
-5.68886
0.73626
-0.8033
-6.34578
-2.47714
2.97172
-5.12238
7.54586
-0.63462
-1.30274
-1.76328
5.7451
3.28026
-2.23016
6.03028
-0.21272
-5.1839
-11.2307
6.9136
4.52438
-10.1623
3.8017
-1.20074
3.22718
0.61838
-1.9319
-3.67614
-2.82924
-4.86464
-3.01594
3.39502
-1.88054
-0.07324
-5.94362
-1.24752
0.2109
8.05788
6.39436
-5.8036
0.86522
-1.73058
4.44602
-0.73386
-8.6845
-3.25488
2.21876
-1.02952
-0.23238
-3.16298
2.1538
-1.14298
-1.305
2.74486
-8.21422
2.35428
-3.67196
-3.79738
-3.20698
-1.4413
2.60756
-1.94104
2.60672
3.61112
-1.6044
6.94944
-1.21542
4.80596
4.67552
-3.83302
3.89342
0.46032
1.41134
-4.37428
10.8221
0.35374
2.55232
1.56386
5.78574
-2.3774
5.73862
-1.60278
1.14108
-7.7553
0.5069
0.9065
-8.39906
-2.56808
-5.1293
-2.2633
-1.67234
3.5835
-2.04576
-4.6076
0.3788
6.58102
-2.66444
1.4503
-1.03152
-5.35184
0.74416
0.83286
1.11678
-6.70354
7.77738
-0.51972
-0.69262
8.35388
-7.8031
1.54222
4.78462
0.2032
-1.66728
1.22588
2.56272
-7.07858
-0.102
2.84504
5.09428
1.17766
-2.06928
-4.87014
8.42282
1.34674
-4.60628
3.60418
-7.15244
5.15286
-1.14478
-3.3613
2.55544
1.92428
2.809
0.18342
-4.72084
0.4894
4.17056
-4.43648
2.26406
6.93902
3.97604
-5.83034
-3.0226
-2.92766
1.0461
-4.7946
5.2519
-6.3348
5.16182
3.43344
3.4829
-0.45308
1.9219
3.27598
1.57684
-2.16132
7.41204
3.79812
-4.34936
0.58016
4.77548
-1.66984
-0.41
-1.5439
7.4132
3.40288
-2.2372
4.75438
3.06574
-4.11626
4.2991
-2.36718
-1.6519
-0.65616
4.38296
-5.5495
-3.41786
1.21816
-4.72478
1.37112
-2.31966
4.72952
1.40118
1.60678
0.34488
-1.90046
11.0487
-7.90752
1.9513
4.67936
-0.31982
-2.46256
-0.5339
6.85994
2.55478
0.83174
-0.96842
-1.58902
12.4252
2.21636
-2.00792
-0.97634
1.67742
-1.1722
-8.86254
0.06834
7.97968
-5.07952
2.47134
-0.3048
-5.57592
3.28394
-1.85916
-1.82636
-10.5427
-0.06506
-4.31782
-0.27534
-0.21408
-1.92822
3.9656
3.38334
-4.00544
6.9294
1.85424
2.94222
4.24638
-4.65292
5.4298
11.024
2.08866
-3.20468
-5.49146
-5.51148
-7.58916
-10.6348
-2.12406
-1.40304
6.31446
5.93584
-4.45862
-5.32946
-1.443
-3.26206
-5.07278
7.34066
0.73536
2.06058
1.04964
2.86656
-8.57222
1.19448
4.54528
4.11612
3.18946
5.13632
-6.88128
-3.9375
1.97756
-6.60836
3.52656
-2.76898
2.51714
4.91356
1.94926
3.7439
-2.05256
5.55754
3.5511
-5.21812
-0.91018
-7.40176
-1.6314
4.22394
-3.03838
-5.70354
2.1564
3.92068
1.26312
0.18184
1.79104
3.15236
2.11534
5.76596
5.6932
2.07528
0.56964
-2.22162
0.49294
-0.19174
6.3542
-0.3672
-0.80432
-2.54126
2.42502
-2.98136
-4.01196
-1.52546
-3.2772
-7.07524
3.09448
-5.03804
-0.8349
-5.96226
-4.26172
-1.9156
3.4052
-1.30506
-0.04006
-6.82534
-1.84908
-4.46586
-1.9188
-0.68198
5.00772
5.68974
8.55368
2.31524
-0.57128
1.61096
-2.5109
3.77946
-4.12084
1.33672
6.3637
-2.58434
3.77426
4.83386
0.59058
1.96964
-2.89898
1.98388
-3.32668
-1.00678
1.23518
-0.46796
2.03394
-2.31022
4.11642
5.60908
2.66262
3.36258
7.38282
2.99156
-7.76998
-2.14362
-4.40392
-0.7991
-3.26064
-0.39144
10.9184
2.21758
5.57506
-1.0962
2.82186
2.94522
-1.57542
-1.40736
3.70204
1.11622
-1.0507
2.56894
-1.79008
-0.4991
-6.8815
3.0514
6.20074
-0.81746
-2.46928
-7.89456
-2.48626
5.54034
-2.08306
-1.81898
-4.62572
0.52094
3.07208
-4.78136
3.42454
5.4931
-1.95838
3.20766
-7.92508
2.39234
2.85628
11.0191
-2.80602
0.84338
1.6577
5.3288
0.10516
0.22932
10.8668
-3.15586
-9.20838
-3.06202
-1.75006
2.71652
3.45038
-4.77448
-3.6566
4.8921
-5.23962
1.80636
-0.6423
-1.04968
-1.17
6.52786
9.01256
-6.83666
4.08982
-6.07324
-2.31848
9.99014
1.0054
-3.93928
-2.0256
0.69704
0.38228
-3.43578
1.78
5.04364
2.53964
4.21604
1.4014
-1.54342
1.32988
2.61358
-1.84154
-5.04032
4.82314
3.67438
-4.88892
0.37648
-7.76074
-3.1111
3.22674
2.7279
-1.63318
-4.00326
0.61626
-8.74296
3.38904
-4.70648
5.72804
-2.6341
2.45302
2.81558
1.58128
-6.6271
-3.4968
-5.64392
-3.80896
3.47346
7.56856
-1.35922
12.0124
0.5235
1.51206
0.98574
-6.43514
-3.18884
-0.9887
2.86398
4.35088
2.23742
1.7275
6.31252
-3.75254
-2.46426
1.1062
-4.05952
-3.00124
-3.64284
-5.01756
-0.5795
-1.57618
-5.02376
-5.35018
1.1862
6.45658
-1.56672
-5.49034
0.21554
-3.83386
-0.42096
1.67892
-4.10078
-1.821
-0.05186
8.81368
-3.15896
1.10512
-3.4405
-1.74492
8.21862
-6.2644
-2.76096
-2.31262
4.6653
3.81078
-1.6491
-4.76788
-0.8033
1.3559
-4.149
5.90232
-1.45588
-4.71056
0.95314
-0.30034
0.31018
2.80106
0.7238
-3.76722
-3.60178
-1.4498
-4.73596
4.178
-1.44174
1.10228
-1.69188
-6.4198
-5.53994
-0.0001
0.57162
3.00502
1.36284
-0.33704
3.80126
2.49264
1.02628
8.5634
0.25126
1.7042
8.398
-0.49448
-0.89176
4.60814
2.33926
4.06922
3.80916
10.2354
0.24492
-2.90056
-3.43826
5.34876
0.41818
-1.22254
-7.98384
0.90638
3.2829
-0.29224
2.26842
5.6885
-2.27694
-0.70102
-0.79352
-3.67542
-6.78502
4.71294
4.65812
-7.01222
-1.56524
-5.53328
-4.80102
6.0076
-6.1783
-6.83736
1.21798
4.2224
4.12276
-3.8085
-0.81974
-2.44408
-3.94646
12.0894
1.66704
6.65828
-2.02128
9.23
4.39236
4.8128
-1.73592
-1.22224
0.70978
0.65926
-4.08278
3.40436
0.03228
-5.38706
0.11626
-0.36386
0.98894
4.6211
-3.26162
3.28152
-3.19682
-0.90782
0.9169
-6.76014
-0.45994
2.7427
-1.7708
-1.82734
1.63614
7.4954
1.26676
1.30982
5.22836
-2.29056
-0.83302
-2.07822
-0.19506
-6.77442
-0.2705
-0.23638
-4.5396
-10.1368
-5.79414
3.91046
-1.52712
-5.54216
1.3937
2.96044
-0.2202
5.97644
2.32122
4.7468
2.64644
-8.8496
-0.77156
-3.94696
2.90104
-0.77728
-6.8494
-7.63602
13.4855
2.34242
1.41496
-9.3343
-4.09862
1.5392
3.04794
2.92684
0.18142
-0.745
1.81582
2.13226
2.88154
0.83086
-5.98612
0.02272
-6.65132
1.04038
-6.5896
-1.32794
2.5633
-2.40744
-3.97456
-5.02744
1.86006
-3.43922
5.94182
-0.69202
1.20628
-6.5293
2.71212
-0.60186
-1.0784
-4.31358
-3.71082
-4.82832
0.05068
4.58988
-1.64122
-3.58096
-2.89912
-0.4547
-2.40786
0.36982
-3.38332
-0.6872
1.04132
-0.40538
4.50198
1.33996
6.27774
-4.51402
4.7422
-0.73364
3.41852
-2.86692
-8.68864
-2.82312
-2.69048
-0.62742
-0.3381
-9.01624
-1.19502
6.40312
4.612
-1.6056
-1.84218
5.62338
-2.54182
-9.53246
1.65238
-7.22242
-0.20356
-1.41066
-0.16666
-3.48878
3.80618
-5.70228
3.79634
1.1745
2.10176
-1.74836
2.14958
5.11738
3.76576
3.66256
-1.53556
-3.88208
-7.25634
1.348
-5.24066
-1.29172
-0.13978
11.2351
-0.85178
-1.70208
-12.3589
-0.90632
-4.86876
4.43838
-9.32362
9.73932
-6.9171
-1.22554
0.3147
1.29644
-1.01428
5.69294
-2.13578
-3.01084
5.2379
1.61766
0.16978
-0.79662
-3.2123
-2.12894
-7.39064
3.3034
-0.86184
-1.99968
-2.27968
6.5702
-3.11118
5.86934
-0.87734
6.55064
-2.61908
-5.64354
-1.1395
2.40816
-0.7284
-3.50318
-9.65974
0.02906
-6.84592
-1.57762
4.7765
-0.34158
1.23226
0.06844
-7.24698
0.70312
0.07726
1.50298
10.7865
-0.03026
1.21038
-0.97086
-1.03314
5.72998
1.17378
2.51868
-2.32128
-5.04246
-1.19346
-5.54776
6.13054
1.22946
-8.84314
-2.08674
3.5461
-1.6503
4.4461
4.32226
-4.54794
2.48222
-4.52628
-8.13066
3.47572
0.13314
-2.32672
-5.2685
1.64308
2.3504
-4.58594
-1.65064
-0.38138
4.07658
1.27088
-5.6141
2.96464
5.3567
-1.30574
2.12692
1.1107
8.16034
-3.59612
2.3104
-4.81016
0.63898
5.0643
3.26352
-7.11982
-1.2711
-2.8052
4.24248
1.15034
-2.1744
-4.82454
-3.00798
4.9054
2.29878
2.05688
10.0639
7.45194
-6.39878
-7.26152
-3.76292
0.90886
2.8637
1.69394
10.6125
2.23356
-0.48716
6.29844
1.88828
-1.94268
3.71422
-1.80108
1.27874
-1.7128
-2.24716
1.96474
8.8168
-7.84406
5.47892
-2.96694
2.3545
4.60918
-12.6677
-1.33658
1.74382
9.70042
-4.24876
2.0795
-4.7596
-3.61542
1.4694
1.82634
1.74934
0.78386
-3.9034
1.78742
5.68374
2.00546
-4.37804
1.70886
1.86332
-5.85934
-1.46102
-0.19696
-4.3576
2.83032
-6.74678
5.42996
-2.16288
9.54862
-3.95206
1.45854
7.40156
-8.09788
2.77474
-3.5123
1.72184
-4.55902
3.31958
-2.95694
-1.41272
-5.16022
0.10412
-3.2951
-9.74672
5.8874
-1.74312
-3.2341
-4.02158
1.20362
1.93606
4.04892
-4.40438
-9.73788
4.66104
4.53404
1.30006
-1.01366
-4.12626
-4.48178
9.71186
1.8458
0.75182
-4.53358
2.15828
4.14128
0.37704
6.19876
0.36202
5.4612
-2.42336
-1.09682
4.63416
1.62652
7.93488
4.0181
0.205
-0.35314
-0.20542
-0.2608
-8.40954
-0.09162
0.24188
-6.86306
-3.7217
0.08706
-3.18902
3.85106
-11.0273
-0.58416
5.1145
-0.84372
-1.27496
5.31632
2.9619
-0.52634
-0.46852
-5.67548
1.33792
4.98368
7.38716
1.72944
-0.04674
-0.639
2.09154
-1.96376
-1.85528
-1.91172
-2.04256
4.09984
-2.64232
6.0097
-4.39954
2.27046
-2.0264
4.94836
3.29166
7.6367
-0.95964
1.13878
-1.95992
9.48356
-9.80658
1.8077
-2.51808
3.95998
-4.18696
-1.24392
-1.30206
-8.9894
4.54778
-7.30714
-3.75824
-6.98326
-4.4295
3.5547
-3.3572
-3.2192
-3.36028
-1.9376
6.13736
-1.97952
-7.37996
-1.1869
-2.00118
-3.3491
1.23388
5.54788
-0.17752
1.83178
-2.76722
0.86442
2.64444
4.40784
5.12286
-3.78276
-1.79302
-6.6146
-4.46516
-2.61102
5.5651
6.89886
-5.3566
2.85828
4.57858
-1.90986
-4.43656
1.63628
-1.46596
3.7694
-0.85344
1.64078
-4.48402
-3.7302
-1.40218
-0.80892
3.3186
9.59822
-3.44564
-0.13436
-1.93318
1.65458
11.9851
-3.01074
7.17474
3.7193
3.95814
-0.73764
4.0856
0.3215
-4.90106
-4.84306
-3.68476
0.01048
-5.18828
0.93154
10.4433
4.51824
-1.03076
-0.43522
-1.61002
-3.77912
-4.22072
-8.2777
0.10042
8.46954
-4.28816
-5.28242
10.382
-5.64784
0.464
3.0046
-4.61522
6.40264
-0.5345
3.94036
-4.84824
-4.00254
7.20748
-1.6072
-2.39448
-1.96682
3.35122
-2.7715
-5.6275
1.44434
7.05252
-3.39026
2.69416
0.55454
2.3957
1.2605
0.09848
0.25758
4.6229
-2.5705
-5.62742
-4.66398
0.36032
1.73422
2.905
4.7411
3.05164
-5.99326
-2.49868
0.52086
-0.1107
5.12836
-3.63046
-7.3219
3.27202
-3.98094
-0.97928
-0.6428
2.60326
5.89464
-7.605
3.26458
-2.71922
-5.17352
-2.01742
-4.60698
9.93372
-3.00972
-4.43374
-2.2663
3.75478
3.37146
6.43734
-2.31186
0.74662
-1.00562
-7.1465
-7.6672
-0.03296
4.78576
-3.75566
-2.18792
-6.25226
-2.68732
-3.76782
-1.65818
6.06766
-3.16048
2.59392
-2.19868
-2.45432
-2.13034
-1.2574
5.96902
-0.4629
-0.2457
8.44444
-0.7995
-2.7135
3.9294
3.28862
-5.0355
4.03252
-6.82216
-1.69546
-3.93936
-3.73626
-8.35142
7.28122
1.5797
5.37902
-2.347
3.32106
12.5621
6.74008
-3.4
2.68774
0.30688
-4.36588
4.96168
4.91806
0.65884
4.20284
6.83794
5.5397
4.20848
0.68884
-5.88878
1.03682
-1.19194
-0.07752
-0.48378
-6.3822
3.72126
8.07514
-3.31014
-7.04384
-0.70852
4.21494
1.34934
4.99574
-3.46084
1.90936
-0.6716
1.06068
11.4948
6.63824
2.7495
-1.9882
5.39732
3.67916
1.82844
-0.05198
4.8291
2.28452
-4.69246
-3.98372
2.0479
2.4927
1.52984
1.85264
6.08626
6.2831
-3.49344
2.68258
-0.80698
5.91956
1.01496
2.62544
2.69118
0.66826
-0.22338
-0.16312
-0.7219
2.92506
-0.5459
0.09546
0.42154
-1.72566
-2.29412
3.36072
-1.85066
-3.7481
4.69956
-0.50632
2.81676
2.0933
-3.6293
-4.10416
-8.3767
4.95012
-3.48294
-5.97614
-5.91102
-6.807
5.14576
-2.90782
2.19548
-0.4887
2.07218
2.65382
-4.44728
4.81884
2.32966
-6.97274
4.77984
6.95218
-0.4347
-4.29222
-7.75614
0.84262
-2.09962
0.0982
-2.59584
-0.30378
-1.22706
-1.11584
-1.49158
8.0242
9.84408
-8.44642
-0.93506
-3.04516
-4.71956
-5.17678
1.82004
0.79604
-12.5883
1.0935
-2.0782
-5.55702
3.4902
-7.48962
-6.3089
-0.90106
0.7192
2.783
-7.06278
1.62316
-7.3949
3.971
-1.72254
-5.10764
3.38348
-5.50744
-3.01948
10.2709
4.87692
-6.60046
-0.84108
2.44754
0.59128
-1.86814
8.4914
-8.8737
4.03896
4.57066
0.24806
1.45328
-1.20278
0.55234
-2.32196
1.84934
0.52154
5.17412
-10.391
3.41664
2.4487
-2.66668
0.65162
-0.95
-0.26032
-4.87338
-8.61366
-6.93386
0.5229
-3.20026
-7.9387
-5.1631
-5.46094
0.03536
1.29734
5.7776
0.74592
1.9067
6.6804
0.01406
4.75304
-1.92318
0.63226
6.27486
-3.44814
7.22388
6.70234
-3.59494
2.42364
6.11674
10.7037
3.11394
-1.21898
3.10648
2.28944
1.91716
0.28262
5.72424
-1.2124
-2.51198
4.46052
-2.23726
-0.3459
-0.23956
-0.34236
-1.97702
3.63374
7.79408
-6.62496
4.02664
3.33712
-8.74976
0.22096
-5.08466
-4.44902
-7.11096
-2.1741
1.13374
1.41082
0.39274
-4.71616
1.78924
4.97204
-6.16096
-2.55816
0.89714
-2.8061
-5.12652
-4.01926
6.10864
-1.53566
3.27534
6.18058
-5.41454
4.33378
5.15946
-2.50254
2.22434
5.44436
-0.63124
-1.25066
3.0101
0.22456
-5.93878
-1.2014
-2.5303
-5.4574
-4.55122
2.75552
-1.12226
-0.70428
5.437
13.7243
-6.17068
0.98378
1.49574
0.40018
-3.73036
-6.48286
-3.20588
-4.09404
-0.25258
2.2147
-0.00684
1.86542
7.33862
6.97044
3.41346
-2.02572
-2.60312
-3.41126
1.04538
2.63218
-6.16036
-1.63976
1.24712
4.01234
-7.0763
-1.49804
3.1404
0.4352
-2.2495
13.414
5.51788
-0.16198
3.3392
0.17456
6.39874
-4.41446
-1.75206
1.6289
-3.20574
-1.91792
3.37172
-1.86242
-1.39624
1.80606
0.58364
4.63928
-1.43242
-2.64034
-0.76144
-4.45286
0.942
-4.29324
6.62858
0.2044
1.16098
-5.7476
-4.45228
6.8613
-5.29164
4.57756
2.13734
1.01358
5.02752
-1.91432
0.2597
-2.73982
-1.47264
-3.03152
1.03272
8.65616
-4.61998
-7.24774
4.18208
9.37138
-2.48722
1.70052
-5.57968
-4.3414
-6.85128
-3.35914
-0.41788
0.61714
0.58008
-2.29242
-1.3576
-1.80008
1.35556
-0.73554
-1.953
4.29608
-0.95756
1.66066
-0.9124
7.6907
1.00242
0.7736
7.83944
1.10228
0.1671
3.32812
3.89886
-5.20424
-2.22868
-3.72238
3.83168
-3.89334
-5.1919
3.25018
1.52694
2.46488
-3.47576
-1.9565
0.1612
1.20102
-2.45412
-3.29734
1.78254
-5.82668
2.64676
-4.68074
0.1355
4.12518
10.1907
-0.76478
5.18616
-2.54682
-0.86554
-4.1075
-7.29268
3.93628
-4.59426
-2.09396
-4.79288
1.65668
-1.70032
5.24202
-2.06574
-5.20374
-3.26436
-2.08616
2.26654
-5.34422
-2.89674
5.76942
4.76122
1.47572
-1.18242
0.18058
3.3887
-2.22648
-3.04094
-5.45414
-4.51584
2.51662
2.42512
-5.30704
-1.0657
-0.8819
-1.43714
2.18672
-2.12274
2.60066
5.29208
-9.07276
-1.51252
-1.1845
2.58672
6.701
-1.28556
-4.82964
-0.92164
-2.9761
4.22894
-7.72936
-6.3582
-1.67338
1.5578
5.15324
-3.49184
1.66056
-2.84552
1.42572
3.44388
-4.61396
-5.99668
0.07118
-6.63982
-3.9846
0.67594
-0.40674
4.02354
-0.02164
-1.08538
2.72886
-0.89136
0.33174
-1.53844
0.87116
9.65842
-2.22124
1.24424
2.69394
-0.7495
-1.30122
0.6042
6.04574
5.74508
1.8935
-2.558
5.8489
-5.70382
-2.27352
-3.48046
1.21392
2.64302
-4.40554
-2.76696
-10.6138
0.12314
-1.40688
-3.0717
-0.93318
6.7047
1.14044
4.64458
5.23256
5.89014
5.49274
3.9213
-0.0535
3.09414
5.09804
-7.72214
3.25088
2.76502
1.86388
2.22188
4.35902
-4.8084
1.93844
-0.87326
0.95088
-4.03264
-3.93258
1.20742
-4.34774
0.15126
-0.9871
-2.20648
-0.69852
-0.8641
-2.64628
7.57056
-7.59742
4.5655
0.726
4.4803
12.3699
-2.43002
5.34212
-4.09272
5.31378
-0.82282
0.2155
0.52892
5.65134
-0.92096
-5.24638
-7.44584
4.69564
1.02554
7.77926
-3.15618
-1.02026
0.7881
5.5652
7.71076
-2.07972
-0.60152
0.0092
-1.05176
0.04652
-6.33788
5.18254
-0.66254
5.717
-1.6372
0.3561
8.59882
6.26242
-1.3253
7.5173
2.54076
-3.07584
3.51926
0.67036
-1.15666
2.95824
-0.38936
-5.60348
1.52642
-4.5019
-5.72854
8.11388
0.82844
5.45644
10.0323
0.47104
-1.0313
7.82232
-8.39842
-1.56052
-0.07046
4.92996
5.28392
-9.23188
-0.80406
-1.17746
-0.81864
-0.0309
5.44218
-7.91384
-2.89234
-0.39806
-3.14914
1.33082
-4.21072
2.53922
3.20196
-0.49406
4.01064
5.8014
-1.2835
2.42426
-2.72982
-2.28626
4.50464
-0.77376
0.01442
6.90944
3.52568
-1.13238
0.76918
-0.44902
-2.57706
-2.72484
-3.6615
-6.13098
1.72468
-6.5057
-4.99508
0.68012
1.58394
-0.4882
-4.85314
2.88114
-2.21842
-4.8017
-5.54662
2.75636
5.26534
-0.50968
-0.70264
-0.46856
-1.06344
3.89302
-0.07732
-5.58516
-0.40712
-5.08876
-2.23716
-0.83794
-7.9436
5.40232
-1.21968
2.3621
2.37802
-0.13926
3.9243
-0.5851
3.65472
-2.87894
0.44674
-0.66278
-2.62918
-2.96578
1.4598
0.85608
0.01978
-1.00456
4.09954
-5.40594
3.98438
2.7082
-9.00498
2.516
-3.8444
3.81694
6.07704
4.90878
1.42344
-0.5723
-4.1006
1.34642
-4.54016
-5.0827
6.34386
1.34182
-5.39276
-2.10102
-4.69032
-0.341
2.00464
-1.3147
0.62604
0.6539
-1.50124
6.41986
1.60676
-6.66744
3.72392
5.55084
-4.77468
4.3079
2.15194
-6.87052
5.59774
6.58184
4.82458
-1.09832
0.9542
7.33374
-7.12442
-0.98724
-2.4245
5.2517
0.6816
-1.8665
-0.56338
6.56756
2.95126
0.15902
-0.2996
-0.06532
-2.12348
3.33514
5.017
2.68308
-2.9748
6.31582
0.54784
-2.16654
-8.7465
-1.12858
2.7645
-1.90644
0.0119
0.24752
-0.59102
1.74298
-1.65966
1.18552
-3.18166
-3.43196
2.82266
-8.53034
1.16964
7.4937
-7.62388
4.64164
-4.74734
-3.02408
-2.49626
-2.07524
-0.88896
3.8277
-7.28886
9.59392
-3.15834
-2.04962
-3.23248
0.9628
-4.61036
0.29784
-2.13696
6.60062
6.8714
-2.44726
0.1311
-1.45238
-4.45546
2.73872
-5.61652
-5.23644
-4.365
4.68954
-3.7207
-1.03264
1.43354
-2.1629
-1.91686
-8.9545
-0.06722
9.1484
3.30748
1.78328
6.55622
0.10838
-3.38424
11.3525
2.44852
-0.77076
-7.44854
-0.40208
-2.78366
5.99554
-0.53754
3.51138
-1.00606
-3.54458
1.16868
2.27958
-1.78724
4.77906
-0.4383
-2.2186
0.2925
-0.12308
-2.21886
2.22036
2.3878
1.40096
-3.06314
-6.13646
9.68292
-2.58438
-5.688
-2.34812
-3.84352
-1.52736
-1.88836
-2.81108
5.21146
-2.71672
2.75896
-5.68154
-0.96378
-0.2527
1.87818
3.3149
-3.59454
-1.40226
1.11124
-1.1738
-2.89732
6.61904
-0.60122
4.36644
1.83906
-2.9245
-4.96662
-3.50156
1.33564
-3.67954
0.37282
9.34872
2.1418
-0.86016
-2.54396
-2.0592
-0.34828
-0.1614
0.59196
8.11478
-0.53292
2.74182
4.18614
-1.28956
1.72358
-1.99232
-3.30744
1.19098
3.50076
2.78996
0.6061
0.2653
-4.65384
0.03362
-3.78842
-0.6974
-4.5812
1.67812
-2.41544
7.47734
4.06074
-2.86018
-4.092
-3.95204
10.582
-0.7941
-1.51356
-0.1764
5.8895
3.44864
-4.85576
1.30948
1.66556
11.2417
3.62066
5.47734
4.41534
0.66432
-0.42222
-1.40304
0.50382
-2.98102
1.71458
-1.4578
-0.19988
-1.09216
-2.6094
4.58692
-1.29078
0.19554
-3.79872
8.39078
2.0328
-0.51456
3.7006
0.45094
9.82796
-2.60916
2.63442
2.58314
-1.07042
-3.5173
-1.63454
3.8421
-4.14924
3.84398
-0.7075
8.74112
4.2031
-5.36434
4.88932
1.12556
2.21436
-10.1168
-6.85624
-3.95148
4.55724
1.2718
4.61546
1.9511
7.24078
-0.25264
-0.34072
4.10886
-1.80166
1.08852
-5.06686
-3.64472
-0.93848
6.55654
6.11308
8.09446
-1.2636
-5.78128
-4.88298
5.34512
5.32126
2.36044
-5.1776
-1.00094
-9.3963
-5.61294
4.4995
0.45064
-2.757
-3.31002
-6.40942
-0.5784
3.74494
-0.41228
-0.36258
4.48008
2.4588
3.95836
0.50718
-4.0714
-1.47672
-0.4994
5.71062
-1.17568
1.03486
-4.05906
-2.82922
-1.34384
-0.18328
-8.58172
-1.25144
0.99784
-6.01788
5.39734
-1.11898
-1.84524
0.01684
-5.7112
-0.97578
2.59046
0.17158
1.77606
4.97718
1.18388
6.16094
-2.57912
1.58872
1.69502
-3.17748
3.87136
-1.41698
-4.68556
-3.95594
4.82192
-0.78182
1.25344
-9.42856
-1.6154
-2.08862
5.11228
3.7901
-3.7403
1.10484
0.51082
-0.68536
0.76654
5.05144
2.80862
2.6702
-0.73456
2.91192
-0.65282
1.23038
0.7486
-1.12566
-0.8518
1.59496
4.13054
0.32764
2.36258
2.34928
1.44152
1.1826
-7.11384
-7.0593
-2.30296
5.3967
6.16012
-6.62528
0.37924
3.02574
-0.87004
-1.19334
1.09666
-2.09236
5.27844
0.19602
-4.36816
1.07448
4.50542
-9.42614
-6.6875
3.04598
-3.30862
2.1852
4.69214
10.9223
2.2759
4.31566
-5.21184
-2.65936
0.81562
10.2609
0.19204
7.30636
1.13446
1.69068
7.13748
-5.02116
1.81502
-3.9374
0.35188
-2.7904
0.42636
-0.08788
3.34208
-2.35884
-1.57816
-0.58942
-1.84224
1.52426
-3.20324
-7.34026
-5.89904
-0.76558
2.01008
0.43276
-7.73248
0.03812
4.55692
-2.80102
-7.324
-7.09022
-0.08932
-2.19882
-3.7271
8.71316
-7.2637
-1.53934
-1.97016
0.88116
-0.5804
0.4962
1.5863
-5.65306
-5.67318
-2.60312
-1.52124
1.11748
-3.74812
3.56828
-5.78424
-0.26184
-5.69162
-6.81002
-8.05562
2.65712
1.39858
-3.60212
-2.05146
2.53018
-2.37968
1.80974
4.92988
4.77724
1.27208
1.93588
-5.105
-1.10146
4.69352
-9.2152
1.89372
1.26488
-1.9503
2.39004
-5.57118
-8.61558
-6.07294
-1.49128
-1.61746
-0.84668
4.82368
7.42588
-2.07972
-1.74638
1.81466
-1.43642
2.69824
5.37776
-0.5125
-2.08438
-1.57998
-4.13444
0.24688
2.97364
-5.40178
-3.03216
0.2619
0.09898
0.45498
5.6367
3.11882
4.25664
3.3247
-3.22634
5.24392
0.53304
-0.18322
2.2909
2.97558
-0.40156
0.87436
0.29068
-1.15404
0.16436
3.73746
1.4354
-5.303
11.8521
-8.1802
2.9332
-2.87518
-4.13372
-6.85912
5.98114
-0.90398
-9.355
-12.6751
-2.69266
-3.62052
-2.05036
-4.02512
1.85924
-8.12716
5.3085
0.92364
-2.39764
2.22948
-2.01878
-3.96622
-0.88598
-1.2651
-2.0918
0.09696
-3.6332
0.60994
0.69412
2.79328
-3.55762
1.84556
3.72234
-1.52266
-0.14096
-0.2809
-0.6155
1.60524
-4.9219
-4.24728
3.5441
-0.52042
-1.75518
-3.86364
-4.1207
-7.21438
-0.25564
-6.91338
4.16888
1.78654
-0.60742
3.73154
0.54522
2.64316
2.02534
6.6915
-1.6691
-0.3341
3.90586
-0.54978
-10.0309
8.87636
0.84166
-3.33004
5.82366
4.69768
0.5649
-0.7405
2.4563
-2.03548
5.72286
-4.6111
-0.12234
1.01788
-3.20822
-1.7624
7.2359
-3.7711
-0.22356
-4.94764
0.77776
4.32458
1.03608
3.61762
-5.8602
0.70056
2.59766
-1.17
3.78328
-6.40162
-3.0182
3.15034
0.36656
-0.47522
2.59054
-4.03612
6.50578
-4.60378
-0.03704
-4.09144
4.73952
-3.54314
-3.08012
-0.2495
-0.14156
-3.07846
6.55976
5.48566
-1.48018
-2.84562
6.10058
3.97994
-4.41502
-0.51486
10.6991
-6.43932
-5.31936
-1.29158
-3.93534
-2.93844
-0.91772
0.76066
2.2934
3.39202
2.84506
9.31498
-4.66892
-10.1983
-2.99974
0.03008
3.07328
2.71104
-0.11638
4.82058
-5.65086
3.84986
-0.29672
5.12008
-1.21612
-1.39332
1.06398
-0.57184
5.26478
5.48392
-6.396
1.51416
-1.2874
1.08036
5.55668
2.13844
-1.39806
-1.62088
-3.1146
1.67066
7.95876
-4.79468
-1.30284
7.63928
2.7878
6.71294
-4.70282
-7.02492
-2.46654
-3.16702
-1.90134
7.69582
-1.07322
3.95194
4.73854
-5.82962
-5.8919
2.16718
2.12034
-2.50814
-2.6262
1.0356
8.17494
-3.05144
0.9139
-4.74844
-2.42576
-0.67852
0.8272
-4.6889
-5.39764
-2.90734
-3.63802
-3.03538
6.53668
3.53388
9.31086
-4.60244
3.00466
0.03352
-6.16124
3.1167
2.54594
8.2257
8.7263
3.42708
-6.7238
-4.13562
-1.3148
5.11014
-0.81584
0.5574
5.52166
-0.14976
-1.26904
-1.57286
14.0758
-1.76442
-1.26184
0.24544
-6.15572
-0.20744
0.18786
-0.93528
1.82128
-0.4776
1.40128
-7.53312
-0.88274
-2.05588
-3.13258
3.34866
1.98792
-9.28884
-4.38912
2.06062
4.17094
-2.4843
4.62938
6.83216
-5.86764
-1.35144
0.71156
-1.54228
0.16294
3.79418
1.02708
-0.14704
1.20906
-0.0883
-1.26204
-3.03294
0.47412
2.79442
2.89392
6.3314
7.22316
-10.6622
-3.01604
2.19214
-2.767
2.16952
6.6621
2.56122
3.83916
1.89688
-3.31842
0.94136
0.72324
1.1278
7.28526
-4.94916
1.37666
-4.84132
1.13542
4.27836
-0.35694
-3.4312
1.75026
-1.99822
-1.89018
-0.9514
5.68382
0.16852
0.55436
-1.96118
2.10944
4.16116
-2.60958
-2.62984
2.7599
-2.77732
1.68602
-7.96876
1.39316
5.52398
-2.63586
3.3783
6.03008
-4.28858
-1.5336
-1.88912
4.2402
1.15628
4.50518
2.23788
-4.65268
1.96752
-9.66654
0.0271
-2.44004
-2.3243
6.04744
5.56338
0.99402
-3.28982
-3.087
6.5125
2.72404
1.34308
3.6659
2.75646
-3.02172
4.03266
-5.08518
0.53534
-1.8934
-0.60648
3.57182
-5.25824
-0.23864
7.18642
4.69744
-7.0045
-3.75504
1.67306
1.48434
-0.96254
-8.45786
1.94688
7.52486
0.94368
-3.33602
1.42356
7.6768
-7.79384
-1.90982
5.49778
-4.80156
3.21186
-3.0366
-7.17648
-0.99202
-0.35378
4.03058
1.34014
8.00874
-1.39022
0.31674
6.81516
-0.41186
3.175
-4.53078
2.4414
-5.57416
-0.91162
-1.40598
-3.98474
-5.46068
1.27012
1.39636
0.8897
8.67542
-5.91698
-0.02098
1.09188
2.1852
-9.86852
-3.0174
2.44474
3.72694
-1.7916
1.8763
1.78098
-1.31584
-3.58072
1.2621
2.73456
-4.6188
-6.23972
-0.1146
-0.37042
3.2107
7.96424
-0.49012
-6.80532
1.786
-2.95168
-3.53788
-1.531
-2.08304
1.95508
-4.90822
2.17594
1.60538
-1.64474
2.91854
-1.19402
-4.44994
3.98776
-5.02114
-6.79206
1.97188
-4.05946
-3.09136
1.095
1.19544
1.79126
-7.77302
1.11434
6.11382
-2.54682
-3.66118
-0.58832
6.4591
-7.10722
-1.30996
8.23268
3.75498
4.4048
1.67064
-6.83096
-1.02468
0.52934
1.33426
2.4919
3.44812
1.33276
-2.51916
-2.37188
5.0509
4.78966
-7.16964
2.08198
0.82322
6.202
0.23624
10.1944
1.74086
2.32094
3.5679
0.41734
-0.80436
1.48206
1.19982
2.4987
0.91894
2.4088
-1.12778
0.01378
9.82738
-8.90754
4.60794
0.37174
4.08052
-5.50184
1.47206
-3.22206
-1.97622
0.619
-3.08896
0.71416
7.5834
3.48266
2.70782
-2.18014
6.03644
-6.73714
-2.32232
2.49028
5.51164
0.0898
-0.04326
-5.79032
6.53688
2.54768
2.56724
-3.73914
-0.9944
0.94066
0.84048
-3.26162
4.73736
0.36716
4.50076
-3.68554
-6.64164
-2.46532
0.53302
-2.68894
1.209
-1.43196
6.19564
1.13468
-4.57078
1.11474
0.87888
1.03526
-6.33842
2.04486
-2.5748
-1.19082
0.09938
-0.63564
-0.20226
6.54144
-5.17428
-4.0521
-7.3377
-1.61342
-3.72744
-6.6554
4.93426
1.9088
-9.51406
2.5911
-5.62946
-1.87544
3.17614
-2.7255
-4.6294
-3.92142
-1.09978
4.34416
1.26312
-2.24258
5.86868
1.65864
-4.23482
-0.06854
-4.82814
-4.7538
5.00492
3.16174
-3.29014
-9.1013
1.34894
3.24858
-6.05708
6.86552
-7.66656
-0.47956
-0.09782
-1.90234
-5.00756
-1.67918
7.16988
9.269
-3.38292
-5.69838
2.1325
-5.12924
-1.00104
3.02392
0.4951
-4.55974
0.08296
-1.43252
-2.97064
-0.1101
0.9275
-3.81434
4.24554
3.41192
-2.2536
-2.88478
-4.60458
-0.4394
-7.78976
-5.97344
-3.0761
-1.10902
-0.43654
4.0664
-5.43524
-2.33938
5.23588
7.68218
-1.22372
1.09638
2.37462
2.45568
8.06834
-2.93426
2.30246
1.50186
1.0391
0.13634
2.34518
-2.4081
0.15022
-3.29912
4.74532
-0.7637
5.03448
-2.43716
-1.9041
3.32736
-1.17062
-0.65924
-1.2698
-3.08746
-6.62428
2.9623
-2.48596
4.98064
-0.97188
-3.74754
-1.2017
2.44674
-8.43874
-4.01596
5.2772
0.05408
2.05568
0.73146
-0.984
4.03216
7.47544
-2.50582
-2.55372
0.15266
0.84626
1.12222
-1.66508
-3.08116
-2.45224
-4.043
-2.63252
0.75622
-0.21436
1.015
-0.28018
3.29416
6.0426
0.70384
2.17966
-3.44828
-0.15334
-8.79372
-3.70794
-3.69786
-4.28444
-10.0048
-2.27936
-6.83564
5.1818
-3.22184
-6.98082
-0.16796
1.78506
-0.64504
1.37872
-3.93674
-4.82616
4.6061
-3.77732
-1.97412
-4.15842
-3.41748
4.70794
-2.37954
2.70788
1.91518
-3.1092
-1.22302
-4.63296
4.13184
0.85596
0.06662
4.9099
-3.70332
2.9403
-1.76552
0.7574
-0.58248
0.0544
-5.845
-0.16104
-8.97596
3.8968
2.56216
1.91356
-6.00892
-7.12838
-0.0249
2.69116
-3.25802
1.2781
-3.76958
2.84844
2.8886
4.7806
-3.32422
-4.24484
-0.72744
-0.551
-3.16174
4.40726
-4.758
-1.64242
2.41432
1.53812
1.02138
0.92198
-6.23166
-6.23962
-5.5406
0.16434
2.98684
2.6798
-8.52312
3.89414
3.56914
-9.09608
-5.59084
-4.5346
5.2019
2.39348
-5.57258
-5.15338
1.55748
-2.15414
-0.9004
4.07654
-11.3018
2.6028
-2.18724
-7.58522
-0.5365
2.10774
-1.17284
0.42244
-2.09342
1.91218
-0.95066
0.15396
3.95144
-4.6233
2.71886
6.1369
0.67214
-1.6557
1.71962
2.20954
5.15042
-2.27228
-4.26824
-0.6128
2.9102
-5.03034
-0.30548
-4.97544
3.98718
9.1791
-1.02256
-6.29896
-3.19416
-4.2834
-3.81618
-5.82644
-4.18818
-3.83232
-2.24194
-4.298
-6.62388
-3.636
-2.72148
-8.56312
-5.20644
-5.33978
3.23104
-4.67102
1.23384
-1.58024
-5.45832
-3.44944
-7.11446
-5.64222
0.95092
-0.31488
0.91296
2.27538
-3.20198
2.00532
-6.51578
6.98168
-6.12906
3.6308
-5.6362
-2.05634
0.8812
5.79132
4.8413
2.119
0.38692
-2.82
0.94508
3.51042
3.37626
2.04078
-3.14422
0.56178
-5.99338
0.10738
-1.62008
8.5542
2.10928
2.42992
-8.72558
-0.77706
-0.45562
0.99312
-3.82932
-6.58654
3.71094
7.84654
4.97618
-2.17538
-0.1468
-8.32562
-0.67088
-3.36272
8.82088
-1.53822
-0.47328
-2.25032
1.60172
-1.25048
1.01916
2.66526
6.50382
-12.3693
0.83318
4.95756
6.315
0.88612
6.01902
2.5537
4.56778
5.6987
1.07756
1.59352
-1.91376
-10.3147
2.0906
2.21914
-6.75094
0.663
2.15346
-1.7307
-0.60546
3.34932
-1.62584
0.53684
3.84576
4.96346
6.48368
-1.90624
-0.54428
4.4938
6.83154
-8.8594
0.2569
-3.0198
3.39862
2.88996
-5.98808
0.25858
-3.94142
4.73262
0.77922
-0.90058
-1.3038
1.86062
-5.46082
-2.19702
-4.00846
-1.6903
-6.33862
-4.45592
4.14006
0.85574
8.92788
-2.7663
-0.0449
7.52484
1.67386
-4.52226
2.57808
-0.26214
5.3086
0.8253
-3.3025
-0.42538
-5.08408
2.1212
-2.46598
-2.84798
-3.5356
4.30336
3.01174
-7.0027
5.24816
0.50658
3.69666
-1.13968
1.10328
-3.66256
-11.9331
4.88618
-8.2816
-6.00608
1.42016
0.03502
0.03358
0.52288
1.99892
-4.92164
8.44604
0.7342
0.05268
5.45216
4.4856
0.94628
0.22092
0.00766
0.6305
-1.02316
-3.37814
-3.60658
-4.66168
-0.7465
-3.03284
5.2676
5.80992
-0.39994
-0.9113
3.15222
-0.8814
-0.13202
-1.758
0.28176
-0.96828
4.01594
-3.77838
2.66988
2.31424
8.07668
1.9769
6.35936
0.8465
3.95594
-0.14854
2.56868
-1.39886
9.21012
2.42714
7.22456
3.15906
8.08968
-1.06944
-6.07816
8.33822
9.62864
-0.33508
-4.86818
5.87702
-2.60038
-0.80448
1.82562
-1.90992
3.6453
-3.51964
-6.69496
0.9765
4.66374
2.25132
0.02978
1.45694
6.24022
-2.62364
2.39104
-6.84338
-1.16686
10.8116
1.23424
1.67698
2.51176
0.22464
-3.76566
5.8088
4.56198
-4.15546
5.81688
4.1852
5.39972
-0.44308
-1.17978
-1.358
-2.78884
-2.25118
8.0077
-1.10568
0.54048
1.2837
9.12978
2.47072
3.04748
-1.69384
-8.76382
-5.7412
1.00926
-4.93752
-4.55068
-2.1037
3.30646
-8.08686
-2.53196
1.87174
-3.83044
6.35382
-1.7645
-0.13026
3.6646
8.06802
1.2174
-2.15476
10.7977
-1.9243
-0.79032
2.87288
-1.36772
-0.9225
2.37758
0.86604
2.2169
2.8079
-6.89636
-3.32784
4.09188
-0.92232
2.08206
3.51936
-3.07292
-1.22162
4.77864
0.10116
-0.74206
-1.13244
-0.50146
-4.90234
-3.3242
-0.51236
0.30396
-1.73328
0.62624
3.94534
-0.13494
1.36194
-6.83926
-1.68296
-2.49532
3.89788
1.51264
2.8802
9.1736
3.69054
-2.36442
-0.85384
3.56226
1.98986
-1.61032
0.7935
-3.78478
6.13714
-2.47442
0.08398
-5.56938
-0.6315
2.67952
-4.76222
2.8714
1.1387
3.50798
5.7375
0.0984
3.56928
-0.6453
-5.6343
-0.92232
-4.46284
-0.2141
6.70316
-1.17492
2.52644
4.73396
1.68086
-7.30424
-4.21038
-0.88586
0.4583
-11.0048
3.03926
1.14738
0.57614
1.01872
2.64384
-1.73922
8.09306
-4.68698
-1.28524
-2.85638
-0.72324
5.73594
2.57464
4.62366
-8.78346
6.2051
3.76302
9.75152
-3.9605
-5.03062
-8.10206
-4.14048
0.81352
-1.45102
5.8571
0.9915
3.84902
1.63364
-0.52782
-4.43622
-1.9191
-3.31542
4.80076
2.16584
-0.63598
1.08296
-5.59842
-4.06408
-0.5469
2.9448
-4.43658
5.46968
-0.3159
9.28568
5.97054
-0.77856
0.40572
-7.80224
0.36364
-0.9137
-6.35006
-4.73628
-0.00746
-3.5017
-0.53704
-1.08454
2.57088
1.50876
-3.86886
5.00678
-6.59796
-6.0539
-2.06038
0.09578
2.62018
-2.41026
-4.09332
-9.45606
-2.03466
1.65324
-7.86034
0.41434
-5.76422
3.19248
0.0759
6.59954
6.91076
-8.20524
2.08722
-1.61784
-5.80262
-1.6341
4.9846
-3.54744
3.33912
6.59652
0.92702
-8.66674
2.94226
5.14722
-2.29138
4.89872
6.69864
-9.30994
1.24956
-3.98296
1.5121
-2.46422
-4.08952
3.62828
-2.48234
-3.21344
7.55358
-0.17178
1.4166
1.58326
-12.2383
6.1587
3.1324
-3.69828
-8.76622
7.31752
3.81228
-0.58398
-3.9744
6.7227
-2.20742
-3.79428
-0.194
-1.76556
4.48734
-2.90046
9.55444
-0.9045
-1.21326
-0.26218
-1.15336
2.24308
0.41878
-1.87282
-4.44952
4.88324
-5.15816
5.37756
-2.9262
-2.86264
5.99412
6.22998
2.71234
1.28252
0.05908
4.49078
-1.3385
3.16392
3.83882
-0.58108
2.69868
-3.71226
-4.47112
-1.01508
-2.64504
-3.14152
-4.21958
7.57924
8.5803
1.4951
-2.54452
2.0004
-4.55536
4.58206
0.421
-0.9086
-0.69634
-0.57954
-2.82188
-5.51674
3.95478
-2.48228
3.61518
-1.55938
1.47802
8.93376
-6.8926
11.4951
-2.14844
-1.31438
-1.37012
0.12348
-5.1072
6.40082
4.92564
2.12978
0.5407
4.54058
-5.49684
1.88292
4.56746
-7.914
6.10556
-1.41678
-5.77302
-3.5073
4.3625
2.03204
-0.91696
-0.18954
0.16686
2.53352
4.83448
0.1925
1.93238
1.89056
-0.42984
3.52054
-6.88956
3.68478
-2.86772
-0.15444
-1.21626
-1.99058
9.7542
-2.16756
-2.81518
-1.30592
0.2223
-7.3791
4.16642
-2.50368
-7.5861
-0.79728
-0.1002
-1.6404
-2.46884
5.95612
-7.8556
1.07684
-5.19006
3.61056
3.41158
1.30768
2.00276
-2.23234
-2.75166
1.32454
-2.48632
0.23106
-6.5886
-3.14148
0.04522
-1.1
-6.42076
-1.81756
-0.11512
0.62826
-4.87816
-6.13716
-3.9896
-5.85982
7.13368
1.75346
-0.91788
-4.94444
-0.7621
1.14176
-2.72642
-1.31368
-3.84374
5.48314
-2.11222
-4.51716
-0.13362
-0.14266
3.06958
-2.55568
1.32266
-4.88994
0.5958
-6.10532
-3.93112
0.45748
5.62838
0.52558
-3.23326
-0.26588
1.16826
2.22294
0.34466
-3.26062
-1.43368
-3.10116
-2.70004
-0.04604
1.89042
-2.00928
0.58056
-0.46714
8.5846
3.20218
7.6238
1.93748
10.2587
-0.80746
6.8299
5.20506
2.47614
4.57908
7.88654
3.18486
3.17702
0.19598
2.22222
-0.5006
3.71472
1.9991
1.90824
-5.95466
2.33106
1.25644
4.7373
0.86922
-0.92888
4.68632
-3.79306
-11.2455
2.60352
-7.39722
3.7615
-2.54962
-0.33822
0.30622
1.14886
-5.22788
-4.43382
-0.22104
-4.0781
8.17858
8.87418
2.75048
2.51062
4.63762
2.21286
-7.96232
-0.60978
-0.73328
-0.37368
0.38432
-4.80344
-2.62446
0.4658
-0.44964
-0.93382
-2.83388
-0.88074
1.1715
4.77358
-2.4911
2.5593
-0.86176
8.87204
-1.84304
-2.63182
2.75522
4.29962
0.80586
-2.67406
2.66454
-0.24902
3.4427
1.67716
-2.22848
-3.4085
-5.74296
5.92588
7.61934
-6.71632
0.42078
0.23978
2.8542
2.09578
-4.6305
-0.78986
-4.37106
-1.2979
-4.75458
-3.31172
-5.70682
1.15572
2.43716
-7.83474
-9.45384
-3.3576
-4.50564
-4.96164
-1.65944
-9.95928
0.59382
8.69618
7.9958
2.08108
-0.99424
-5.17608
-3.59214
2.49332
2.42972
0.48994
-1.00478
0.84776
3.46658
4.73006
1.28562
-5.55378
0.45692
1.35846
-0.1139
-4.8997
4.14504
-4.30772
-6.69714
-1.93986
-6.53254
-5.79122
1.91316
-3.0184
9.05066
-0.1485
-1.9162
-6.8721
-6.07432
-5.66
-2.7561
3.61024
0.29922
-0.15332
5.13736
5.1115
-3.22926
-4.24916
-4.07554
5.95268
0.95582
3.84782
-4.75774
0.29524
-0.80638
-2.1046
-0.7453
-5.38224
7.5922
-5.6763
1.06634
1.79276
-0.15228
2.71022
2.40746
-8.03792
1.33134
1.38878
0.7413
-6.23488
-4.93514
-4.7358
-6.1881
0.48734
-3.8781
-1.93422
2.19636
3.216
-4.17364
2.88298
4.29836
5.03274
-2.09458
-3.34338
-3.32
3.20956
-8.8108
-0.70578
9.46122
4.87824
1.63558
7.07586
0.74558
-0.82388
-3.39692
-5.41866
-6.43544
3.06702
-2.32492
6.16942
3.94654
7.223
-4.79452
3.38348
5.05458
-9.42566
2.62008
-2.4299
2.1513
-0.79478
-6.27724
2.94228
0.19314
3.66122
-3.05946
-4.26628
-1.80106
-7.2383
-5.76386
-0.26516
-3.59818
7.2231
0.84038
1.81386
4.1681
-4.18692
-1.59446
-5.8404
-1.9005
0.97326
7.0552
1.1417
5.80896
-9.29228
-1.57832
-1.91006
0.35256
-0.55606
-0.98832
-2.41218
0.5578
2.65556
-4.45726
-3.61922
0.58434
1.42042
3.29786
-4.77478
-5.1049
-2.17954
-4.04504
2.14636
-2.73206
-0.77454
-6.45184
-0.41542
-1.19534
3.00994
-0.4191
1.81922
-0.98672
-0.05722
-1.11144
0.51342
-2.86784
-0.5148
4.09314
-6.4751
-0.75968
-0.31134
8.25996
7.38234
-3.51492
-2.47132
1.357
-1.52374
-2.67654
0.11954
3.109
-0.08418
-5.67496
-0.79246
-3.56656
-0.55398
-5.4882
-2.78332
-0.3617
-3.02124
-0.49574
5.91068
4.42352
1.22884
8.5846
1.66814
-4.34338
-1.12168
-1.3263
4.97808
-1.84824
1.07612
4.30578
4.21162
-0.31374
1.83872
-5.26012
4.45328
-1.31314
-1.96042
1.08712
7.88628
-7.70366
-0.96178
2.38782
-0.73428
-5.16792
6.92766
2.85608
2.90462
-5.57234
3.01998
-4.42764
5.47684
-6.5685
-2.20652
2.98362
0.56242
2.91598
-2.59898
5.31876
-3.85948
5.46066
0.00744
1.83888
2.2734
-3.42486
-3.78382
-2.56928
4.28134
-3.39188
2.65294
-1.69034
-3.29818
0.17292
3.81426
-4.62138
8.35338
7.99358
-0.39576
-6.1278
-2.95414
7.35778
-2.94484
0.8834
1.20822
-1.02448
4.40552
0.22066
-0.12986
-2.56304
6.95684
0.33982
3.72106
2.04638
-5.14122
11.5895
-1.1208
4.30494
-7.57534
2.7424
5.68456
-2.61162
1.57682
-0.13586
4.23724
-2.88568
4.34322
-2.94948
-8.2986
-1.68638
-5.0495
-1.99664
4.11456
-3.20546
0.23396
-3.07824
-1.65296
5.5862
1.66382
4.09964
3.77342
-1.89576
3.68434
-0.1194
2.50348
-0.25044
-2.12648
0.05364
-8.06922
-0.5542
-3.04704
1.09538
0.82666
-5.39182
-2.69038
-5.3583
3.08268
0.51456
-1.56484
0.82656
5.62468
7.69498
-2.58814
-0.45076
1.01134
-1.9974
1.85846
3.5546
1.88202
6.01552
-3.27058
-0.63976
0.07388
-1.67344
-4.59864
3.06422
3.4171
3.67912
5.13516
9.20498
-6.38586
-5.9003
1.44122
4.88426
1.29904
-3.54066
-7.46652
5.35016
0.20004
-2.5925
0.29196
4.3855
-3.544
3.9856
-9.29348
-2.09154
3.04666
0.50124
-2.22454
5.48082
5.01876
7.26198
-4.1804
2.81598
3.87948
1.50112
3.8404
-2.50038
-3.34208
0.54208
-2.36512
2.93936
4.69814
1.65424
-4.17036
5.24188
6.33528
4.24004
-6.0408
8.69422
-3.72726
-1.62082
-2.0823
-8.72356
5.86932
-4.61746
2.91974
-2.55502
4.96438
-2.32376
-5.50732
7.05958
4.82476
10.0298
0.77416
2.35642
1.23314
-5.61652
-1.80956
1.6714
5.3641
0.74408
2.9348
-0.29264
-2.48748
5.12098
-1.90424
-3.0633
3.41298
-3.02558
5.82444
-5.4282
6.59408
2.47314
-3.01168
-0.69116
-4.06382
3.6438
-6.30968
0.72276
-0.94756
-4.56748
2.15518
2.8169
-0.65322
0.33708
1.24374
2.03726
4.43158
-5.4088
-4.81144
-2.03004
-5.82912
1.14828
-6.72674
-1.41756
-1.46466
1.88246
-0.88144
5.04388
-2.65076
-2.91364
-1.77518
-8.27726
-0.1853
9.0339
2.95782
-0.00682
1.11192
-2.13808
-4.825
2.98972
-3.00388
-4.33448
9.34182
2.24396
1.59274
-7.2132
2.80414
0.41292
-7.82342
3.41308
2.90304
4.5978
-2.27058
-5.5521
-3.70336
-0.00298
-1.96906
0.17496
2.85548
7.4672
-4.77292
0.71994
3.60666
-6.08762
2.06118
-1.8705
4.552
2.01244
-3.80524
3.5399
-0.70728
-1.55778
-4.96878
-4.84832
-3.06166
-0.84046
-2.49178
1.72008
4.83114
-0.53548
4.31684
1.21066
-0.3086
3.42196
0.2761
-2.5802
-4.32158
-1.14798
3.8399
-5.76094
7.32034
-9.18246
4.21168
-7.21544
-0.13654
-2.67258
-5.45726
1.59164
0.8065
-3.16726
-0.75712
-2.23458
-0.69978
6.23912
2.15454
2.91034
1.2585
2.57016
1.85098
-2.0426
-4.87314
1.55564
7.88588
-2.01572
6.72764
1.85336
5.03234
-1.21226
5.57686
0.47796
6.94364
4.40362
-4.74818
6.0773
-2.21846
4.36246
-2.41968
0.09926
-4.45352
-3.94788
-10.3134
8.95832
-12.1415
1.418
-0.6916
-0.47536
-3.20502
2.47262
-4.69166
-1.42176
4.38356
-0.73726
2.59816
-5.10784
-1.32866
3.79102
2.75856
0.77964
-2.84884
-1.09852
-0.56536
-2.69172
-2.65214
-3.13374
-2.72484
-0.54734
-0.40938
7.83342
-2.75928
-4.45084
0.03238
-6.73806
-11.756
0.71482
-3.00074
0.5361
-1.46028
-2.99518
-1.62558
1.47304
-1.71398
1.10508
-4.2515
2.07024
-0.34726
8.39412
-1.00892
7.79076
-4.45486
-0.28124
-3.51778
0.74644
-9.46976
5.9461
-3.4073
5.935
-6.44914
4.2494
-1.52936
-0.85402
3.196
7.00608
0.98418
-5.0255
6.4319
0.66144
-5.1771
-1.0227
5.21116
-6.77478
3.9531
1.18364
1.8736
0.4325
6.6301
-1.12362
-0.8895
-4.84072
-4.6786
-1.02414
-5.2542
9.79184
4.76506
6.06386
-4.6005
2.84552
1.46574
3.87612
-10.5849
11.0468
-5.43862
1.17516
-4.86216
-3.03772
-0.69292
3.95174
-1.12524
5.97678
2.32888
0.88278
3.99698
-0.11202
5.86802
2.9678
-3.13814
6.9598
6.48418
-1.80606
12.7288
0.54446
0.86018
0.90914
3.00906
-3.88494
-1.25038
3.29544
5.15418
-0.03996
-0.8067
-0.55902
-2.55516
1.52756
4.34544
-1.17072
-4.17984
6.89666
-0.41442
-0.00282
-3.36938
3.37016
3.03362
-1.2126
-3.82344
-3.03684
-1.0735
-3.5957
4.03756
3.32544
-6.9053
-0.04938
4.8663
-0.64174
2.5016
-1.39212
-3.02342
-4.29014
-4.79284
5.3455
-5.39702
1.2518
7.26684
-5.51326
4.34302
0.12124
0.61184
1.68502
-3.09782
-0.74956
2.19392
4.04902
5.15634
-0.06926
1.2141
1.04138
0.53886
9.738
2.2092
-0.92212
0.59354
-0.17032
1.33404
-5.4204
-4.79856
0.27542
-0.41044
6.0174
-3.30304
1.06574
1.923
5.91366
-6.3189
-7.57616
-0.1136
-1.3502
3.0524
2.8419
-5.04096
6.051
-3.799
-6.04618
3.90278
-4.10402
0.98476
0.30504
-1.21126
2.82474
-3.13208
-4.717
-5.84028
3.2287
-2.57542
-5.29552
4.8759
4.46742
-5.387
0.39182
1.70586
-2.37622
-3.2758
6.70834
1.66438
0.04832
3.61222
1.21336
9.85282
1.56678
-5.30064
1.61428
0.84608
0.04748
4.0312
-0.6233
-1.4676
-4.60106
-0.78138
-1.27086
-0.06514
5.27758
-0.80692
6.86798
-2.7807
-1.7645
-3.47126
-7.43494
2.20824
-8.39894
1.86894
2.60408
-3.77102
-2.77914
-0.08354
0.29094
-2.77708
7.1068
10.165
1.70856
-1.9268
-5.81756
4.84172
-6.42606
-0.5797
2.20618
6.3149
3.62938
4.3732
-1.56334
-1.07498
0.46634
-1.14308
0.5977
-0.8599
7.42984
13.2037
-1.7198
0.40208
-0.12858
-1.4929
-9.01758
0.65046
-2.40374
-9.70166
-1.26128
-4.54538
-7.00028
-1.4287
0.01424
-3.56218
-1.37786
-0.2274
3.9432
0.66386
-5.40876
-9.98626
1.41252
-1.90536
4.25094
-0.18486
9.33742
-3.20296
7.42802
-0.55862
-0.29102
3.94854
-4.0931
-1.55026
0.86236
1.2326
6.98296
12.1333
-0.3414
-3.4704
-4.52454
2.59072
-2.462
-5.79098
-3.33276
-1.08878
-6.35518
2.09488
-3.00718
1.3681
0.69496
-4.17114
-1.49044
0.39786
5.03418
0.19858
1.48806
0.90812
-5.35846
5.16434
1.87726
2.4192
4.66708
0.90336
0.46206
1.90798
5.47806
13.4912
3.72928
-0.3304
1.94708
-4.04492
-6.26004
4.32832
-5.70504
-4.30856
-8.1418
1.66564
0.3072
-0.90098
2.94524
-6.7782
-2.65062
-3.05574
-8.30096
-0.91314
-0.57968
-0.66656
-1.20624
1.92992
1.62628
8.91392
-1.51006
4.76598
-3.34528
1.24934
-2.7897
-0.17086
-2.24802
6.37892
0.93288
2.53894
-2.50276
-1.8025
-3.15424
-3.919
4.69376
-6.18168
-4.27778
-3.86872
-6.53286
6.32748
-2.09604
7.0664
1.01508
2.32782
-2.16992
3.66154
0.32716
-0.47278
2.38522
-2.84496
3.24068
-5.00436
-4.99308
-7.79408
-2.8103
-2.13538
5.65366
5.42776
0.70152
2.89312
0.11732
2.2174
-1.8263
-1.381
-6.39412
1.41478
-12.4709
2.44512
-0.90818
0.92524
-1.85644
-4.81848
6.0649
-3.29212
2.12072
-0.06108
4.84238
4.53066
-0.17272
-1.90638
1.86658
3.05086
-4.18242
1.78262
5.94526
0.4099
-5.42224
-0.66744
-0.61962
-1.17936
0.37606
-0.02206
3.47142
3.95796
1.86506
-0.619
-5.77348
-3.17082
-2.6651
-6.393
-2.86012
-0.60656
-5.67496
2.5249
1.07698
-1.09428
3.18706
-1.46754
-1.82846
-0.82712
-0.90858
2.09342
-1.0725
-2.60538
-5.99214
2.17068
-4.80682
-2.82628
5.38132
-6.02108
5.3232
3.66962
-0.51364
1.31152
-7.42034
-6.233
-3.18356
-4.49612
-6.85186
1.19246
8.7814
0.08356
2.44734
-2.37752
6.41846
-5.99324
0.69518
2.0208
3.4194
0.4507
-0.11464
2.74888
-4.81046
0.07188
-3.30494
4.13456
-6.38322
4.38422
-7.22436
-4.85254
-2.87494
1.05902
2.36966
0.23724
1.39252
0.17334
-0.46952
-0.29506
2.3451
10.0238
-1.3894
3.47924
1.7784
0.4704
-4.94814
5.79332
-7.05546
0.80938
1.41852
3.49832
3.04558
-5.8266
-3.90246
-0.8471
1.20508
-0.80388
-10.339
7.01424
1.12864
3.68474
-7.07884
0.3096
4.19036
2.02594
4.0752
4.65262
0.06844
7.41572
2.30394
-6.46964
2.34478
-1.59844
2.4663
5.28198
-2.55056
-1.62386
-3.06786
-2.07824
2.86156
6.44082
-9.60114
-7.54426
-0.77782
-3.53122
4.90304
8.1834
-3.44622
-7.10878
2.54058
-3.09612
0.66468
-5.4617
2.18664
3.1054
-1.92502
2.80694
-0.10478
-3.2587
-1.53846
-0.01502
-0.94442
6.3863
3.06254
-1.65378
-2.91734
-8.83376
-1.04978
6.82568
-7.18976
-0.42712
1.01534
1.96776
-6.21128
-0.2397
-10.1567
-5.79644
-2.984
0.70382
-1.3804
-3.21168
10.524
3.87228
1.42192
7.04832
-1.81664
-0.20676
-0.47328
3.89196
-3.30174
-0.10266
0.14188
-4.25292
4.5088
8.0395
-2.10324
-4.31886
3.76932
-3.57264
0.4044
-3.65504
6.42816
-7.2233
-2.61768
0.39094
2.77568
-6.40708
0.11348
-2.37838
0.7726
7.34362
-7.71248
-2.99104
-6.81862
2.2677
-2.86028
0.65898
0.24954
3.4546
-1.10944
-3.73622
1.57148
5.51766
-3.53812
2.21334
0.11882
7.91772
0.23154
-1.25462
-1.90272
1.63916
-3.4046
2.87504
-1.89724
5.10842
-3.71402
2.57948
-3.06576
5.57412
4.32816
6.31874
-2.14816
-0.05572
6.42122
0.7988
-0.57208
1.1543
1.78588
4.80798
-0.00894
-5.29674
1.75104
-1.36936
11.1089
-3.89548
-7.2773
2.13548
-1.28164
-1.35082
1.40896
-1.87434
2.04806
6.2021
-0.26856
-2.38028
-5.81916
0.58954
-4.1341
0.71918
0.8297
0.77766
2.66968
2.08758
2.27664
-3.90306
2.07508
-4.716
-1.4877
5.29286
2.74512
1.36104
2.29742
-4.98566
1.15054
3.00452
1.13928
5.7748
1.4734
7.49918
-7.14068
-0.50318
-2.66294
-4.26484
4.99648
6.93284
0.21008
1.80938
-0.55882
-2.89976
5.94506
7.7277
0.1674
-7.6316
-10.5311
-1.95888
6.1745
0.61548
4.97568
-4.1167
2.75288
4.56396
-2.30314
1.52876
7.39994
-2.4124
-0.8004
-4.79906
-0.6749
0.02638
-4.37026
2.8078
1.9502
2.06058
12.0401
3.28792
2.3815
1.8289
-6.98392
-5.43438
-1.14086
1.79318
0.60302
-2.95558
-3.09442
-2.19546
0.95548
0.51966
-1.6674
3.46012
-2.32038
-2.30706
-1.40112
5.02032
-0.7501
1.366
8.48036
8.20414
-8.90308
4.7585
-1.95152
5.68272
-2.38436
6.6377
3.91708
2.63984
-4.7032
-0.82596
4.40788
-0.01112
5.25688
2.39924
1.1736
4.0517
0.35204
-5.07088
1.63516
-2.00876
0.9755
-1.19158
-6.71484
4.02724
5.8209
0.83272
-6.09212
3.42002
1.32236
-5.8689
3.448
5.48968
2.01928
0.58974
14.3088
-0.95092
4.90404
-6.31796
-0.82962
8.90054
0.56476
-7.32894
-2.24248
-2.11904
-4.55044
-6.33182
-0.20138
1.33224
-2.22184
-2.14866
-1.67954
-1.5299
1.11904
3.77482
-2.16076
-2.34156
-5.34948
0.12796
-3.88972
5.83972
-5.70762
-3.90602
0.39478
-7.68442
-3.15142
-0.18604
4.65348
0.5678
-8.00188
0.43712
-3.64524
6.86684
2.00954
-4.70068
-2.83876
-3.24966
1.14408
4.62754
-7.14628
-0.50358
3.30588
2.79346
-5.62594
2.5906
7.14584
2.38336
2.4111
0.05032
3.07936
-1.56232
0.38324
0.8351
-1.20458
-12.0011
1.23128
0.7657
-4.24844
2.85008
2.1912
5.06516
2.91796
-3.46166
2.19658
-2.29392
5.0519
12.7576
-0.35314
-0.49916
2.86118
5.08384
0.7072
4.2347
-2.20232
-3.89126
-2.76436
-2.81956
9.0471
-4.4155
1.24528
0.40142
-3.52924
1.22054
-1.47552
0.66382
-2.31386
-1.92378
2.57596
3.27594
3.8828
-4.29926
7.57364
-4.71682
-4.50518
2.07628
5.48764
-3.04086
-0.68858
1.0729
-8.77134
7.66524
-0.77516
6.57596
-0.27536
2.64226
-3.24588
-0.95186
-0.50984
-1.49114
5.97838
-2.40448
9.49196
-1.70682
0.4627
-2.18524
3.03418
-7.06966
-1.63738
2.70114
-3.58242
-0.45012
-5.10418
2.83898
-6.93724
6.91668
4.72996
3.6054
3.85144
-1.2085
4.74248
-3.66738
-4.50474
-1.44234
4.6907
1.70376
-0.55866
-0.6101
-1.0829
0.4515
1.5133
1.53834
2.70618
-3.88872
4.0989
-0.4773
2.63736
-2.9577
6.09044
0.62112
2.15884
-1.85176
1.02242
-1.55742
3.36062
1.02316
4.42386
4.0873
-5.63128
-0.78554
2.49564
-4.49878
1.74108
-3.91114
1.88502
-5.73672
2.14688
-0.61042
-3.17584
0.43908
1.27892
5.9583
-6.61376
6.01886
2.20228
0.1341
-2.49352
4.65682
8.61704
6.685
4.59592
-4.47406
8.28292
-0.66276
2.25138
2.00252
1.71366
0.36456
-2.30148
12.7722
-8.29956
-2.79556
3.49998
-1.87632
3.07918
-9.2564
5.79958
-4.65438
-0.37888
-0.23824
6.06692
-1.02254
-3.2064
2.09076
3.91056
3.95962
2.80756
-1.53872
7.4786
-0.31718
4.62412
-4.13196
0.774
2.31914
6.87462
-5.2367
0.85672
-3.29908
2.6089
-3.63318
-2.03932
8.38206
1.17324
-0.03978
0.10758
-1.5459
2.5326
1.71082
-0.01954
2.63842
4.29448
3.97342
-0.07174
1.29158
0.63802
-9.20754
-2.1968
7.0301
4.39108
0.56574
-1.40562
4.37864
0.93716
2.27944
-1.59966
1.74336
1.20076
-8.0896
-3.38914
0.86414
2.2502
-3.32124
1.02838
3.83816
-3.99822
-5.44328
-0.0967
6.90634
1.08592
0.99466
2.09772
-2.84612
3.95112
-9.62834
6.72442
-2.09048
4.75622
-2.45746
-1.2531
-7.74256
-4.06184
-0.00728
5.50614
5.72
3.0009
0.43904
-3.89448
-4.99922
1.58298
6.27006
-0.44996
3.85754
-1.95648
2.41804
-1.08156
1.38904
-1.334
1.36502
-0.07514
2.32332
-0.69318
4.5287
-3.4568
-3.74558
-2.31886
-2.84282
-6.52936
8.50692
-4.19808
0.38478
-2.15792
-10.8619
2.95392
-0.46738
0.84506
0.07288
-1.05202
-9.59976
-0.84166
-1.81694
-0.50918
-4.0605
-2.67756
-1.04076
5.79018
0.08936
-2.44246
6.46582
-4.79984
-3.14574
-2.7523
7.61676
-0.74486
-1.97794
-1.50642
-0.82102
3.91108
4.61172
0.3055
-1.57972
-4.41706
-2.04526
-7.76494
-4.21722
-1.34562
2.02544
6.08808
-0.91502
-1.1601
-1.72208
3.42154
1.14744
3.42816
-3.20304
5.14288
8.34394
-0.65752
1.42904
-7.05348
8.02664
2.23822
-2.45114
3.1256
3.34776
0.72406
2.71056
11.527
7.2592
-6.58174
-4.64982
1.00568
-4.09772
0.5156
-2.72518
0.87496
-6.36178
6.99936
-9.34578
0.37304
-2.0709
2.49616
-0.01052
4.05286
-5.0897
-5.09208
3.5312
3.98618
-6.19014
4.22906
-5.88276
4.56952
12.2978
6.76474
-2.51418
-3.99866
1.40304
-2.1934
1.56448
-8.8404
-2.24502
4.8063
8.92504
0.51462
1.6794
-2.03178
-0.45776
-2.01994
2.54906
-7.00534
1.6903
2.79616
-0.8233
3.29062
4.17862
-1.14114
4.78394
-4.7072
4.50654
-0.4842
-6.06894
2.6984
-8.05652
-7.44022
1.62286
0.8246
4.97872
4.55316
-3.08214
-7.29168
0.35854
1.12892
6.75848
2.11268
1.00526
2.77516
4.06818
1.57248
10.8142
4.08466
-1.43068
-1.81692
-1.29944
3.52506
2.14396
-2.8581
-0.38394
-4.46398
-0.67646
-4.00586
4.67462
2.8858
2.1201
-0.11668
2.35388
-1.23472
0.21918
-1.54126
-3.47236
-0.22738
0.67754
-1.20618
3.91144
-3.72736
-5.36636
-5.28624
6.49328
-0.79236
-5.16988
3.1616
-4.91626
-0.93794
1.21532
2.97152
-0.51978
0.05538
4.68842
0.40476
-4.4887
5.85106
-0.02064
-1.86632
5.46158
-1.4426
-1.57046
-1.86912
-2.5753
1.25934
-2.82588
-1.99018
1.64498
3.87602
3.43902
-0.05608
-5.10892
7.49652
5.57702
4.87904
1.29328
-2.77076
-3.16028
-3.18332
-8.85646
-2.5231
-0.27086
-0.3254
-2.96462
2.2011
0.54294
4.27696
-2.94378
2.14894
-0.3117
0.26902
7.24056
-6.4763
2.36158
1.27072
1.83454
-2.31948
-7.10304
3.05272
-1.64752
-5.84474
-0.34584
1.58624
2.01494
-2.0199
1.69796
-0.3824
5.11426
-1.30614
-2.45836
-7.29086
3.06588
-1.1402
-2.87172
-1.39196
-0.50124
-4.07612
-2.78072
3.63336
-6.10168
3.92478
1.84176
2.98582
-4.07734
-0.61204
0.90712
-3.01392
-2.72438
2.8214
2.44456
0.41096
-4.35382
-2.76892
10.9376
-3.84496
2.91458
-6.18866
-0.16988
2.25024
0.48276
0.04658
-8.94892
0.4201
3.93652
-1.61838
1.10194
-5.52104
-3.53732
-3.88498
-3.77966
-2.56224
0.63652
-2.51924
-1.98126
3.2423
-2.83814
-5.79644
5.14938
3.39554
-1.97724
4.91558
10.8884
1.8406
0.87522
6.36248
5.65504
-0.18886
1.69166
5.4409
3.05044
3.52094
-6.85508
-1.31368
-4.65056
-2.94126
2.50492
6.21588
-0.71382
5.07628
-2.93208
2.76842
1.63062
-0.24042
-7.38628
-2.1212
-0.76442
-4.04348
-0.8395
-1.49012
-2.3565
-6.88874
-3.18702
7.48848
-2.84872
-1.85744
-1.9931
7.78282
2.49794
7.71708
-0.34178
2.64924
-5.29188
-0.97988
-1.67478
-0.47264
-2.35992
-2.25114
-3.29382
3.96466
-6.57534
-2.9087
0.17298
2.32324
1.72628
0.53392
0.74054
1.76656
-4.07558
0.39126
3.6949
8.4037
-6.6138
-1.05092
-3.21848
6.09968
-1.79618
-1.32804
0.52818
1.80454
6.97908
0.8441
-5.68758
1.40744
-3.34696
2.22032
-0.12802
0.09444
2.73358
7.02394
-0.9132
0.2323
3.79078
3.32436
-0.06264
0.84296
-0.86474
0.78818
1.02912
0.19076
-1.44958
-1.48288
1.42612
-1.83874
-6.2975
0.95424
-0.10926
5.5657
-2.46912
-3.33586
-2.45546
2.1827
4.2216
0.31886
-1.68366
-0.0165
2.31356
-2.92304
-1.6941
4.47052
1.86904
-1.41862
-2.80748
-1.33716
-9.63266
-3.111
-1.1013
3.05258
7.92436
8.71752
1.76456
-1.72038
0.20574
6.33196
-4.06554
-6.32736
-2.44796
-0.4214
-0.40652
-0.9595
-0.87318
0.17874
8.99132
4.17484
1.21146
-4.3382
3.131
-2.98264
-0.22528
-1.328
-1.96524
-2.04752
-0.53586
5.08022
-2.2557
-1.66704
-3.93208
5.87846
-0.86318
0.36562
-4.08016
1.2972
-0.40994
-0.13264
-2.88342
-6.4023
1.79938
0.87986
-1.20594
2.97912
-5.89454
-1.63958
-7.47052
0.0617
-3.54794
3.20104
-4.20916
0.05526
-1.58146
0.08592
0.51086
3.73492
4.03072
-0.75334
3.91254
-7.20272
2.64808
-5.0712
-3.65622
2.75776
-2.15192
5.39332
-6.77016
-9.7794
4.8214
8.0321
-0.83382
5.01878
-0.2205
4.72738
-1.3741
0.19512
8.07636
3.90412
3.12394
1.20802
-3.21516
-0.99764
5.37752
2.1964
2.41172
-1.13286
4.09046
1.43588
1.42184
3.06002
4.06232
0.46174
0.08098
0.84012
-3.3366
-1.26176
-1.99092
-3.65554
6.88228
-2.44292
-9.62884
-11.3788
4.60426
-4.48442
2.9952
1.10292
-2.97358
-2.87286
0.9481
-2.1775
-1.63276
0.7553
-2.58394
-0.35156
0.98098
-1.15622
-3.14996
-4.56592
0.8693
-5.01116
-4.46364
-2.09152
2.41
-7.12146
0.7173
0.48668
1.2801
-6.10888
-1.39118
-5.13366
3.63042
2.4526
-2.49088
4.5332
-8.49708
3.00666
5.06592
-0.70118
3.8214
-2.10752
3.28274
-0.59606
-5.77372
-2.9158
-0.89498
-0.14338
-3.95354
-6.03204
-0.9275
2.76678
4.68556
3.46298
1.9318
-3.24044
-1.921
-0.84262
-0.3674
-1.92578
2.31768
-6.82522
-1.07768
3.2323
-7.58776
-0.91736
-3.84634
-4.88552
1.60212
-0.48808
-5.14622
7.55118
5.96358
-1.1383
0.48422
-3.9739
5.33016
0.70022
-2.80122
-0.75806
0.0197
5.49328
-4.76808
0.86656
0.21188
-0.43172
-2.74932
-2.8999
-5.3032
-4.57706
-5.95708
-1.88204
-0.37122
6.85288
-3.203
0.79638
-2.37396
0.30726
-3.14164
0.19838
2.54256
4.5444
1.9656
-2.52318
-4.7889
-5.0207
-5.10296
2.22214
-2.18666
-4.42376
4.1303
2.48184
-3.43586
-0.35146
5.9389
2.14642
-5.28692
4.36328
0.18648
-2.10528
-2.58588
0.28206
-6.82116
0.78374
1.9451
-3.24612
-0.35136
6.86218
-0.73838
-3.11498
2.22084
-5.6658
8.0497
-6.33256
0.18936
-0.7783
-9.54344
-1.04792
-6.1642
3.8507
4.70204
0.31958
-5.334
-7.22702
-0.88138
4.1216
3.02344
-0.91388
5.907
-0.34256
2.11086
1.87566
4.14416
-0.5135
-4.00168
6.39998
-4.44822
-2.751
-2.48046
2.40504
-1.3792
2.5771
5.3446
9.25246
1.13418
0.66384
1.9493
-1.87828
3.25736
1.53848
1.273
-6.54602
1.0161
-1.55666
-5.31044
1.94694
-2.95058
8.18136
-2.76604
1.03206
-2.68912
3.21894
2.11336
0.58544
0.20712
-3.73294
-2.01282
6.16438
2.69592
2.32342
0.75088
5.67658
1.38308
-5.20628
-4.66388
4.93966
1.71762
1.16294
2.16678
-5.10108
3.69614
1.00802
7.24654
-7.51596
-2.72306
-2.29374
6.26512
2.53742
-2.58614
4.80382
4.9577
-5.80572
-11.0147
4.7241
-4.56728
-0.9444
-2.1472
0.1776
-0.39842
4.02136
-7.578
11.6332
-1.90804
-0.78376
-2.49404
8.28472
-0.52764
-3.72514
-2.32996
-6.67278
3.67332
-2.60514
-9.06202
0.81538
-2.7391
-4.3702
7.6907
9.61854
-7.25708
1.71558
-3.2899
-10.3188
-2.11548
3.41064
8.5278
5.98174
1.2011
2.92824
4.3646
4.97968
8.02692
-3.19662
-2.89394
-5.77106
5.13242
2.23796
-2.67514
-7.34252
-9.56898
0.02582
-2.2568
-6.49034
-4.58362
0.475
4.0746
-7.4457
1.87162
1.76724
7.28896
-3.8935
-1.97584
-2.01664
3.27746
-3.35894
-5.91546
0.06296
5.91036
-1.88784
-6.20378
4.69428
1.45702
-0.36522
-6.14648
0.76188
-7.3685
-5.9832
1.05024
-4.77428
-2.26858
-1.47128
3.21118
3.40744
-0.98414
1.3525
4.09068
4.70226
-3.99972
-2.15762
-3.172
-5.44354
10.9226
0.20676
-3.6562
-0.15182
-8.95016
-2.66904
4.07556
-1.7354
5.64562
1.70346
12.0748
2.50246
-0.7399
-4.58212
-2.75852
-4.63082
9.91352
0.50374
-0.7827
-1.14794
2.79334
0.75346
4.14436
-5.66582
1.63916
-1.51128
2.23644
6.8609
8.15042
-2.35438
6.56086
-2.84798
-5.0127
-6.22718
1.34132
0.68018
-7.52818
-5.9704
9.74828
-0.03944
4.3327
-1.41836
0.83672
0.41476
-2.24704
-5.80218
-3.17874
-1.7903
-3.7377
3.2582
4.4533
4.6955
6.09016
-1.48648
-0.67368
2.4422
-1.89526
-1.85582
-2.6118
2.40848
2.02848
-2.95338
1.87368
-4.2824
5.0717
-2.208
1.39976
2.73774
-2.32156
-2.85626
4.66606
-3.40312
2.25322
4.6937
4.87462
5.4865
-7.50414
-4.81292
-5.06136
-5.2959
4.37806
-5.09788
-1.6545
-2.60828
-3.8217
2.04282
-1.948
6.01022
-4.74536
7.82698
-1.95044
-3.41112
8.31408
0.00034
-0.40242
4.90676
-4.91702
3.69212
0.2413
-0.21664
4.31226
4.03498
4.55852
2.94126
-3.64164
5.94504
-2.47768
3.46912
12.7093
-5.5091
3.76644
0.80852
5.07932
4.0542
5.43194
-0.0051
-1.16938
8.84516
-4.7925
2.50442
-0.6329
-1.60066
4.42332
2.63704
-5.30788
5.3339
3.19618
0.45282
-5.8241
3.08842
1.2667
7.52464
-4.56604
8.42562
-5.3908
-4.814
2.9377
0.90314
-6.35694
5.00496
-4.67768
6.1247
1.36668
0.3684
9.2408
3.52138
5.48436
4.7366
4.4868
1.55332
5.96728
-0.07824
-5.48106
-8.20778
-4.47464
0.32362
0.31436
6.76886
-1.7418
4.84942
2.66816
0.59782
-1.8495
-4.50218
-2.17658
-2.07874
2.73792
1.61034
0.51894
-7.41186
-3.69314
-2.1296
-5.00936
-3.27398
-2.70938
-0.69026
-5.5835
3.70792
-0.52852
-0.48158
3.49084
-1.65018
10.4457
-8.11004
1.79948
-2.78094
-2.13066
-2.82598
1.82468
12.3188
-8.73592
-0.95934
-0.67318
-5.57336
0.98522
5.45842
-5.78534
-1.33862
-0.24946
3.34834
-1.56914
-1.49694
-0.54666
-0.5535
-0.78634
4.68292
-1.49718
-0.75026
2.76214
0.11192
1.8767
-0.89936
-0.95336
-4.8472
2.29542
-2.30704
-3.31666
3.9985
6.9627
-0.01974
-6.9825
-2.34016
0.14846
1.91228
-1.89092
-5.81492
-1.53426
-3.0252
2.14682
-1.90864
-6.95458
7.52424
2.67778
1.064
-0.18444
3.42952
0.95492
2.41078
6.7148
3.73754
4.67046
-7.46644
1.17912
3.06726
-1.44292
-3.8632
-8.52364
-4.98056
-3.24938
5.29274
6.1491
3.17938
2.21596
3.5628
-1.9231
4.2436
1.84104
3.768
4.41766
-0.15312
0.57992
-2.05954
-0.4091
-1.3518
-1.27034
2.68992
-1.57744
-6.25262
0.39606
-1.52686
-2.61964
-1.0348
-6.18404
4.06646
-3.09784
5.7592
-1.32658
-3.44796
-4.71714
1.72636
-4.48694
-3.57068
-2.00136
-2.85818
0.39946
5.28082
-4.2803
0.64934
2.71814
3.82826
-1.84894
-2.9489
-0.03286
4.462
2.98256
-3.0299
-0.34668
3.49302
-0.17612
-5.60734
-3.73376
7.74706
-6.29864
1.45638
-2.89484
2.60534
-5.53346
2.63834
-1.75398
2.5344
-1.8062
-7.32272
-1.43744
-1.41354
5.25668
-0.17172
0.03232
-1.5537
3.3379
-0.69798
-2.33466
2.05248
-3.46244
-6.82154
1.652
6.63936
-0.26884
4.71664
-7.03454
0.16846
2.53614
2.09868
-1.7897
5.20084
1.58778
-1.2517
-0.9753
4.29156
7.50276
-0.4224
-3.77722
6.6574
-5.20086
-0.05398
-0.65946
-0.51738
0.94062
-3.95882
9.14722
2.48932
2.18918
3.13832
-1.1281
-4.85006
2.26474
-1.33066
-4.70642
0.56708
-2.74316
-0.37776
-10.5852
1.58052
-0.29816
7.57184
2.35902
-3.02918
-1.96136
4.717
-0.91294
5.2404
-4.11834
0.4247
5.73832
-13.6362
-1.75816
0.55776
-5.39866
-1.10094
11.7649
3.4123
4.91062
-10.3327
2.20028
-2.3683
-4.8482
6.78818
-3.3559
5.47666
-2.73666
4.2607
-3.17228
-1.24856
-3.67754
-2.36908
7.63168
4.8373
-1.9407
0.40572
2.6347
-1.88142
8.34974
2.67474
2.2454
-6.25946
3.00222
5.00892
1.51748
-0.70088
2.49944
-5.63818
-0.497
-2.2165
5.53362
5.25414
9.54234
5.90042
-3.84218
5.75598
1.16618
-2.02418
6.07566
-4.26586
1.78846
0.46268
-3.92842
2.9275
1.73614
-0.15098
-5.18106
-0.42218
0.5553
4.38944
-2.7756
-4.77894
3.47128
-1.57878
3.24334
-8.1141
12.0802
7.77524
2.98586
0.37466
1.50726
6.88398
-6.4138
1.86348
2.64584
-0.20422
1.40562
0.3778
0.70966
5.02064
-1.99732
-4.7261
-1.2447
4.98424
3.91158
-8.2038
-1.8376
-3.73018
-4.47268
-1.37864
-0.63014
-4.80196
10.93
-6.2498
-1.07314
-4.674
2.76362
-2.38226
-7.6634
4.56796
-0.63612
4.88336
4.04726
5.49366
-0.52746
0.4526
2.71436
3.52576
-4.49232
-2.59794
5.2652
-2.38168
5.07894
-0.32018
2.75382
6.84752
-3.13906
8.03858
-3.46004
-3.49656
1.58146
-3.65332
8.9181
-7.48522
-3.46794
-1.39724
0.46314
-1.0741
-3.67204
4.30902
-3.11352
-6.08044
-6.92288
3.66586
-2.05188
-0.3117
-3.8946
-7.79224
2.06696
5.41154
-7.63138
2.07726
-0.57856
3.91166
-0.60218
7.1942
4.34228
-2.38774
-0.75886
0.53848
0.1184
-0.89964
-1.1868
5.228
-7.68384
2.01014
-0.94942
1.30946
1.92828
-7.6825
-3.15016
0.328
-1.39498
-9.06128
7.7587
2.19104
-9.50622
-4.6757
-5.71256
-2.78784
9.27626
2.45502
-2.72958
0.63408
-0.76002
-5.34038
-0.75022
-5.63638
3.99216
-2.52098
3.4294
12.0311
0.24316
-0.75202
-4.49062
-4.95664
-6.44658
-0.2749
-2.6106
-3.36712
-1.14196
-7.7706
-6.02448
-1.09386
-0.60684
-4.14168
3.6863
-0.85414
0.31616
1.57196
-4.3381
4.01438
3.0158
1.73074
0.27698
-5.36496
1.11644
-7.32952
-1.2493
2.68176
-6.67524
1.91578
0.0168
6.53748
-0.84874
3.42486
-4.75184
-5.0033
-6.57622
7.5246
7.01238
-10.4987
-5.3353
-4.29278
-2.01064
3.1462
6.0081
-6.11538
3.24328
-2.2653
5.35534
-6.64284
3.32578
-1.54626
5.26412
0.83588
2.4632
5.962
3.55754
3.46648
1.25606
-3.26376
5.23816
0.52798
3.18504
-7.26932
-9.6345
3.97414
-10.0974
-6.87078
-2.72874
-1.7369
2.25214
-5.63604
1.54598
-5.01138
0.93172
5.14854
3.99462
1.92658
-4.76854
-3.06922
-9.55382
-1.62512
0.08256
-3.93696
-1.87624
7.17968
-2.13006
-4.64836
1.05408
1.45276
0.6834
3.10872
0.3988
1.57998
-0.09536
2.4284
0.37276
1.82974
-3.18324
-2.37962
-6.1256
-3.20102
-4.41692
-5.92272
0.5789
-4.01306
3.02176
9.19622
4.86716
0.4375
2.94744
0.47888
0.4188
5.54854
1.56158
-4.91262
-7.17888
3.90558
-0.63738
-2.89258
6.57446
6.72406
2.50404
0.32616
-1.7
-0.30614
-2.3703
-3.11176
1.2889
-0.03564
9.39864
5.4209
0.06814
1.232
-6.95624
0.7113
3.60418
0.61098
0.6714
4.37588
-0.46496
2.7578
-2.541
-2.0047
3.451
6.75396
5.76822
0.9788
2.39564
-3.1322
4.16672
-5.87462
-4.912
-6.78536
-8.26414
-0.31704
-1.58424
-9.67752
-3.94566
0.2105
3.06774
1.15744
-1.34348
0.5208
-0.78182
-0.94222
-3.75938
-0.38838
-0.40938
-4.9061
-4.94148
-8.72592
-2.0324
-0.2887
1.03006
5.06604
4.17518
-0.14302
9.1696
0.21576
0.67248
-1.4066
3.85608
-3.77924
7.44294
-4.21388
0.0252
-3.83814
3.49696
0.81568
-1.01644
0.34352
0.51254
-2.4312
4.6718
3.42856
3.48654
-2.86076
1.31034
-4.01058
3.23186
2.37004
-3.84074
10.1422
4.86814
1.48126
2.0976
-7.03526
-2.2731
2.36054
0.13318
-2.54322
-0.16206
-10.4909
-5.89766
6.35912
0.70624
-2.25788
-4.19922
-0.95776
-5.7146
-2.76326
-4.65272
-5.71414
0.12158
-2.74236
3.18232
-0.88178
-4.8365
8.49694
-2.92602
6.58114
-1.97886
-0.57598
-1.27808
-1.30328
9.1517
3.51182
0.72898
2.28866
1.61456
4.32736
-0.40038
-1.14448
-1.37592
4.19186
5.23716
-0.49778
-1.90832
-2.33576
-4.8188
1.55478
-2.99462
-2.1121
-2.2861
2.46808
-0.98568
2.65904
-3.0841
6.78562
-4.51068
-7.16898
-4.54028
-1.27472
0.82126
3.47104
-4.64456
3.44754
-7.9299
-1.61486
-1.10948
1.4487
-6.06098
6.59394
4.74642
0.57034
8.38186
0.73632
-7.25936
-2.30548
-2.07722
-2.48036
-1.8524
-3.8773
4.01332
-1.52068
4.62564
2.56388
-7.56212
1.41224
6.73628
0.79292
3.82186
5.65646
0.14092
0.72372
-1.47004
2.28734
-0.82542
3.08824
0.2282
-3.6961
3.05898
-6.74192
7.0177
-3.99032
3.40514
5.46476
-1.89902
-0.28958
-3.84454
-7.03648
-3.59174
3.79012
-2.33522
8.19614
6.89182
-4.66918
3.97746
0.71786
-5.65708
0.10798
4.46184
-1.28112
-4.3638
-3.7778
7.00922
5.36012
1.24
-3.6915
4.20182
-2.66778
-5.95146
0.64928
0.08214
0.4471
-6.4165
2.48072
1.59946
-1.99066
-1.4947
-0.17642
-0.55364
1.97568
2.49996
-2.03372
5.71894
1.01158
-0.95732
1.63774
-0.42988
-4.49942
-2.95824
2.11812
1.18128
-0.71018
-0.94706
3.07006
-2.73884
0.54852
0.65542
-4.05934
-0.30724
11.59
-1.1734
7.84642
-3.87012
2.35314
4.53604
-2.53558
-6.16728
3.2781
6.08618
0.06874
7.89128
8.79606
-6.00504
0.75836
3.1541
0.9793
-1.50378
1.37902
1.97804
3.61978
-3.97622
-2.8992
-1.72478
5.9111
-0.63146
1.07096
2.11398
-8.6569
-2.55972
-7.7958
-6.08064
-3.29578
2.41042
3.02678
5.62656
1.18074
-5.43896
0.541
-4.71348
4.40902
-3.59148
2.02164
3.36638
0.72746
-1.06306
4.18524
-5.71578
-1.31148
2.77488
5.42482
5.45454
-2.81328
-4.14592
-1.62712
-3.53408
-3.05832
0.04944
-3.10364
1.01904
-6.69616
5.84166
-5.56564
2.81702
-2.7739
-4.3873
0.4013
0.47774
-6.86074
2.78172
3.1841
0.88322
1.10556
-4.84502
-1.32042
-1.58748
-2.90514
-4.258
1.09408
3.9231
0.19284
-7.62328
-0.32202
1.65604
5.03448
2.4272
0.83878
0.32616
1.1274
-5.61532
-5.9901
-5.5976
-0.0607
-2.49548
1.80162
-0.06532
1.45588
-2.84052
0.49868
-5.82092
0.9046
-0.11258
-2.45096
0.79364
-4.8098
2.22004
6.93132
5.14168
-0.08692
0.40358
-2.0198
-9.41594
-7.04416
2.38314
5.7596
4.10474
12.4889
0.3334
-7.95936
0.04176
2.31616
-0.7706
1.19934
5.21384
4.58034
-5.01128
0.49108
-0.01682
-5.63686
-2.80716
3.3895
0.69184
1.0572
-0.01274
-2.55936
-1.10376
-4.45822
3.56
0.85808
6.86534
0.39816
-3.38244
-5.24236
7.45132
-0.29312
-3.84346
-4.28376
0.17806
-4.21662
2.45792
-1.96508
4.55748
-0.36626
-2.78802
0.63774
-1.70988
-6.12044
-2.54982
-4.94016
-2.28004
5.60686
1.72134
-1.85186
7.6693
7.34842
4.32712
0.15578
0.80404
0.98484
-3.67802
-5.98552
1.69692
-2.5367
-7.94004
5.04796
-3.68784
2.5116
5.8482
-1.93156
-1.69298
0.18338
0.1998
-1.54614
-1.45978
3.07138
-4.6668
-1.5303
1.57598
-9.9507
-0.8253
6.25696
-1.36946
-1.12102
-1.33486
-7.5332
8.14306
-8.18716
3.9424
7.35036
0.0991
-3.71572
3.80374
1.9649
-1.13936
12.9968
-8.55622
-0.44294
-0.03702
-0.19552
-7.67718
-2.18308
3.05088
-2.32268
1.45026
-4.44248
-0.68306
-0.44506
3.7682
0.02762
-1.58164
-3.3977
-1.08284
1.97792
1.6639
1.99886
4.02172
-3.64878
9.80214
-7.4663
-0.8561
-0.42972
3.38202
2.16118
3.13082
-7.92778
-0.13446
-1.90454
7.33588
-6.8181
-8.28368
5.92368
3.93202
-4.83354
-0.9695
-5.12526
8.81878
7.14508
2.13294
-4.10544
-2.16766
-2.05368
-2.42072
5.79666
-2.09808
-0.06466
-0.42734
1.15632
-3.13478
-2.9009
-0.62668
0.26122
2.09636
2.05706
-1.33088
1.65476
-2.28298
6.16284
4.6357
-10.2681
-3.88196
2.14634
-5.16684
-0.07946
0.22628
3.74604
1.20824
0.32126
1.82604
1.6478
0.44062
-1.59482
2.17702
3.68312
2.90696
1.3116
-2.0417
1.6646
-3.17072
5.00206
-4.1951
6.4313
-4.6022
2.70306
0.60604
-1.09358
-1.1604
-6.96602
-2.07946
1.40256
-1.63156
5.57384
8.50934
-6.24404
3.54896
8.68438
3.4489
-5.6444
1.0483
2.61154
-3.08902
1.362
0.22906
-1.68276
-1.66752
-2.84392
2.45574
-4.6466
2.31918
0.22908
3.28694
0.06164
0.401
-3.7516
7.10398
-0.8363
2.16472
3.66228
3.56528
0.1444
-0.13724
-0.16698
3.9585
5.02074
5.60246
-2.30704
6.64022
-2.99436
-2.3227
1.03248
-5.0147
-5.88638
-3.01078
9.06626
-11.0122
-0.08048
-10.179
3.35258
-1.65592
-0.46362
-2.75226
3.82312
-2.96202
2.60196
1.06472
2.49648
1.1128
-1.91264
7.91914
5.4123
-8.73226
6.9259
0.67572
2.08856
-2.4634
-6.54686
-0.11358
0.46604
1.15578
4.75402
3.01608
0.37754
2.79538
-1.10142
-0.58036
5.2111
2.71918
3.91572
5
-2.65522
6.67636
0.81408
0.701
3.24228
-4.8388
5.34742
3.13188
-3.46288
14.1457
7.04606
-1.99366
4.1045
-2.0452
5.73152
5.1877
-1.52164
-1.84554
-3.11054
5.26816
-0.41128
7.46998
7.22212
-5.6911
6.5594
3.3686
-4.87866
-0.08726
-3.6789
3.54582
-3.4291
-0.98878
0.92498
-6.04328
-7.23766
11.2833
1.06328
-1.6293
-2.72646
-0.30486
1.03434
-0.09978
3.10398
0.61714
4.35718
1.22506
-8.31378
3.31198
1.53724
1.90774
3.33894
11.8567
-0.17536
-1.46074
3.94504
-0.79462
0.058
3.72024
4.2016
-0.5654
6.44092
-0.4837
1.50196
-2.40628
0.0356
0.61672
-6.68482
2.9651
1.463
4.6163
-5.09356
0.8318
-4.37048
-5.95908
-5.51358
0.2872
-0.69392
1.6119
