10.0354
-7.3451
10.5412
9.03496
-5.06486
-8.76976
0.26842
-3.1595
-4.63436
-0.03384
-10.1015
2.04382
-0.94086
8.21424
0.61506
-19.6227
-4.4195
5.71074
6.6412
5.7954
-2.52188
-8.1036
12.9275
3.97482
-3.92808
10.1426
-3.46708
-10.3108
4.50258
-4.02526
-4.8375
2.63064
-5.71692
-1.0749
-3.03012
-9.9376
14.4114
1.04856
0.03422
-6.02674
9.4781
-4.67056
3.7753
-1.2579
2.7904
-2.51042
3.34548
1.41812
4.6633
12.1289
6.30108
3.45238
0.80392
-7.38948
-0.57552
2.88048
4.69456
-2.32972
4.29458
-12.8562
-1.25446
0.80586
1.08206
-2.66392
-9.25148
0.15218
-0.03226
-5.65118
7.75912
-4.18216
-1.17062
-3.17452
-8.84504
-11.6328
1.54962
-1.01114
9.92422
9.15562
-7.6541
-10.9988
2.73904
2.693
-5.53312
-6.29514
-14.0456
-2.97186
-2.2102
7.83028
-10.2376
2.59114
1.02272
0.34454
-8.9778
-8.224
1.64446
2.77688
17.8828
-4.09306
-7.50556
6.2856
-8.77746
-5.6843
-0.70484
1.94634
8.58028
0.12152
5.96684
6.6717
8.28652
-4.40482
1.36414
3.2154
-7.79926
-6.03968
-2.6306
-5.23686
-7.8641
0.51572
-1.63996
-8.2416
1.5888
-1.1036
3.93114
4.66104
-9.74596
-0.47064
-2.99446
1.01576
-6.49152
4.0399
5.741
2.26324
3.0064
5.37698
-3.04984
-2.88766
3.3272
2.21134
-8.107
3.67708
6.7163
-3.73628
2.80704
-4.6727
0.04488
-6.34868
-8.82234
-7.49376
-5.12646
-2.01338
11.3323
-12.1463
-2.00472
1.03062
-6.93066
-6.6473
-0.42006
9.50704
7.85044
-4.4072
10.9549
-3.59246
4.3837
-0.92326
0.20956
7.79918
2.60698
-5.09128
-3.37102
4.32556
4.56818
5.54494
1.88554
0.07746
-7.84558
-3.2125
1.88968
-3.40858
-1.05184
-6.09262
-1.15708
7.15846
-14.176
-2.96008
-2.84206
-10.4839
-8.35356
-5.32474
10.5666
5.80778
-2.34174
-0.47196
6.09996
-13.629
3.42796
-10.0912
2.48032
0.88884
-1.9235
-7.91792
-8.13938
4.7713
-3.03544
0.08174
-3.38134
2.73608
-3.1755
6.79278
6.12372
1.81678
9.99418
-1.45768
3.53468
3.54512
5.66558
-0.2089
6.57232
-1.45308
4.45006
1.66148
-0.07908
-8.3023
-13.6762
4.9216
-5.60278
3.77666
-2.32954
-1.91154
-1.03416
-0.00154
2.90428
13.1481
-12.2202
1.30182
4.10504
-3.7272
-7.09874
-8.45424
7.1781
9.6937
1.35012
7.06398
-3.87238
-13.3539
2.5501
1.89716
1.65086
5.46236
1.02642
11.1992
-0.68454
-10.2167
-6.1092
-5.3305
-1.90356
-1.06546
5.71272
2.11288
-4.35554
4.7835
-11.3528
-2.66322
-3.73942
1.02484
3.87968
0.42654
3.49302
1.81186
2.91214
2.40062
3.10634
-4.7254
-3.42832
-3.03654
-15.0123
7.57278
1.58564
3.6998
-4.59962
-0.34512
3.78862
-7.00986
-6.79464
-9.58008
-0.53472
-4.93224
-7.20162
8.83578
2.3315
-12.8227
9.40912
-9.95816
0.17808
2.73336
-1.11322
3.12716
-5.21998
4.53648
12.368
-7.776
13.9742
-7.186
3.32784
6.3834
1.85068
-2.4259
-2.92922
-5.2663
7.3972
-8.53932
-9.26666
5.15422
3.86548
0.0678
0.25784
6.11686
2.31236
-3.2713
-6.4471
-2.18118
3.998
-2.03906
7.61998
-5.40746
1.4771
-6.93442
2.5915
7.2629
3.76212
3.28426
0.19774
-4.74328
-10.2498
0.4555
1.58902
-2.62828
-7.0298
6.81836
-9.72176
-2.5946
3.2163
7.6724
-2.04338
0.63254
7.28626
10.6527
0.96544
-4.44106
-3.48684
-5.9897
12.9617
0.98118
1.78646
-3.17074
6.74412
14.4207
-8.89736
1.22448
1.63124
-1.40776
-3.83466
-3.1214
-4.67656
0.21158
-3.03016
-4.52634
-9.15528
-1.7598
-8.556
-7.46268
7.20904
-7.23998
6.15746
7.07492
-6.5898
3.87276
-2.9775
-0.8976
1.47504
0.91288
6.96526
-1.58544
-9.29902
11.3366
-0.81702
-2.6154
5.76872
13.1728
-2.33546
7.04654
-0.53776
0.26064
4.49308
-2.13516
3.44506
5.6323
-6.88498
-6.1926
6.28076
4.652
1.98014
2.66888
-6.5436
-0.57578
3.57448
-6.5683
-2.64078
-6.404
3.44328
-2.5506
-3.87452
1.10346
3.3685
0.90306
-0.66204
7.4882
0.1789
-4.495
-3.85942
5.29018
2.8419
-4.02104
5.43966
-2.51664
3.66142
-8.25516
1.33174
-5.89594
-3.36816
8.3396
0.2005
-7.3067
-2.053
-4.05576
0.02724
8.77838
0.73458
-5.03864
-0.745
-5.54438
7.1178
-5.20424
-3.24504
1.26428
7.097
4.37398
2.86268
5.04212
1.3343
-4.2472
-4.71954
0.06844
4.9936
5.99774
1.63202
7.46918
-6.99554
-1.81734
1.11606
-2.9145
-4.00228
5.32262
-4.8534
4.93966
-2.90778
0.62438
0.95512
8.19882
7.37548
-2.84916
2.29358
-5.8799
2.69384
-2.68592
-0.80746
1.28294
2.83186
-6.09832
-2.69936
-6.8344
3.09356
2.41638
-4.0723
8.35298
8.17934
2.94622
6.95346
-1.61738
4.23404
-4.6767
-2.01724
15.4873
-4.31608
2.4174
1.30426
-5.74286
-12.2633
3.0306
-4.26958
-5.65342
-0.67552
8.70666
1.86704
-0.4347
1.60968
-4.49442
-5.21822
-2.86914
1.81878
7.9368
-0.5304
-1.86618
-6.06822
5.99194
-0.84166
-4.0285
-4.58228
1.43282
3.71264
1.06514
-2.3649
10.528
-5.80642
1.62744
-2.33842
-2.37368
6.34716
-5.30456
13.5466
0.56076
4.58802
-2.53614
2.84086
1.94654
-3.83716
-4.04168
13.917
4.00634
4.69406
6.73696
-1.2661
-0.2115
0.9116
7.24996
2.41134
-6.6962
-5.1214
-6.05066
-1.56848
-4.40622
11.6144
5.89312
1.12814
-1.05154
-4.88988
-0.4238
-5.75466
2.98752
1.94034
0.33806
-0.54046
1.87958
4.77518
-10.5986
-0.44984
12.2849
6.213
0.09874
7.06096
-2.8162
-2.98712
1.7432
-0.6483
2.42204
-4.8968
-4.37676
-0.80564
2.397
-0.43496
9.24488
-6.18744
4.61278
-2.84906
9.41916
4.3069
-0.27064
0.10658
-6.0801
-0.64214
-3.49128
-2.10678
-4.51696
-5.2143
6.16974
-5.08194
3.91222
-1.79696
-8.33762
-12.8217
-7.82578
7.43448
2.45274
-8.80374
4.65894
-4.27174
-10.0914
6.88478
-6.71366
1.0849
-1.61454
-3.0307
-3.12468
2.43332
-1.38704
2.81302
2.6732
3.70222
1.14618
-13.9775
-4.15744
-0.33436
-4.24642
4.28608
0.5907
1.56126
2.5778
-3.44714
-3.77202
-8.99406
2.38092
1.03688
4.3813
7.9163
-12.1023
0.3306
-10.3723
5.1273
5.58792
4.2456
-1.62084
-0.33888
0.30774
-7.67184
3.45812
6.14594
-0.01672
-2.57138
-3.30228
3.47546
6.75858
4.15466
-8.71864
-6.54062
5.69222
-5.44002
5.21366
2.46518
-11.2731
-2.15032
-3.68622
-1.57464
-4.09348
-2.79158
6.7803
4.64994
3.10332
-4.90868
3.30396
-8.05796
-3.68528
-2.00692
2.59424
8.73158
3.38416
-0.78104
-3.16492
0.69582
-6.00424
-2.78742
2.44228
-8.14534
0.04632
-1.1094
3.91154
4.48574
3.25872
1.98944
-0.79958
-3.4551
-7.80122
0.99334
-4.09878
2.86412
-0.50368
4.27812
-2.69282
-9.9658
-4.40022
2.16816
-2.67882
-3.76026
0.30778
-5.66992
-10.2711
3.28886
-7.89074
8.63456
1.3212
11.1691
-9.2997
1.98704
-4.44634
2.67728
-4.66314
-6.0869
-0.85234
4.2803
-9.80814
12.1027
-12.9338
-7.39368
11.9898
12.2165
-10.0037
4.86544
3.0706
5.37022
3.5159
2.90558
-4.51752
-5.81852
-0.72024
-6.1256
-2.1158
3.69218
3.08692
-1.12264
0.49362
-3.0684
-4.05738
3.44776
-2.2329
2.45466
0.7433
-2.49642
-7.98336
-2.91794
1.22758
7.32934
-2.72594
-2.7485
2.23966
1.7834
-5.50816
2.89874
1.95276
9.48446
-1.28598
1.34454
-8.6238
-2.92442
4.91584
-1.53368
7.42518
-8.6078
-4.00906
13.778
4.04254
4.52702
9.1919
1.21498
2.25946
2.19602
5.23376
2.26162
-3.19846
3.99702
4.29982
6.40084
-5.63254
0.82276
-4.80794
-10.5662
0.83392
5.51668
1.30466
8.74308
-2.27382
3.41638
0.33538
-2.636
-5.06626
-4.91084
-7.02928
1.01262
2.2672
-3.99294
-0.23058
-3.57098
-2.16686
2.61152
8.76462
-1.77972
-0.70356
1.91688
-5.24328
5.6091
1.96992
-2.8467
4.1351
-3.6026
3.27564
-2.35372
0.93406
-2.97174
8.73978
15.7204
-10.1262
2.37892
-0.32984
0.94606
-2.28222
-11.1935
2.23758
7.75654
2.21534
2.24372
-12.6915
7.41288
0.45646
-3.28168
9.45936
0.85778
0.80198
0.00976
0.09726
-6.52498
0.483
3.65238
-1.07616
0.87942
2.3556
-4.2573
-2.55706
4.06534
8.90758
4.83934
-3.20318
1.03306
-6.52418
-5.5965
4.0898
-0.6872
3.88116
0.32196
8.70922
1.70084
-0.97424
-6.11016
-10.1614
2.05598
1.48804
-3.25328
-11.5029
-2.5685
12.0819
20.5731
1.48306
7.50254
-0.4649
-2.73676
13.3369
-5.82768
-7.06646
-12.4551
-7.27152
-2.99454
-5.87058
-0.08366
2.64898
-12.6851
-0.46302
-2.60786
6.54886
-9.24518
2.97884
11.2266
2.07898
0.43712
0.69362
-2.1123
-0.94224
16.079
-9.36616
2.74614
-3.3369
5.56678
-0.94676
-7.51026
-4.50452
2.00538
-0.54354
0.46088
-3.5745
-6.57276
1.36072
0.49748
1.00956
-2.01746
-2.76652
-8.62024
-1.6706
-2.32704
-2.1053
1.66434
8.21268
-3.6125
8.91496
-1.5445
2.40074
0.0102
0.54884
7.5383
-1.98554
0.8101
4.13998
1.11054
5.69714
-0.23468
-3.15042
14.2721
-1.3625
7.1946
4.82034
0.40468
-4.14788
6.19582
-4.0778
3.53664
-2.9952
8.59184
-4.14972
8.12066
-2.28706
-14.5885
-2.39048
-1.82002
1.80156
2.11232
0.24848
6.72414
-1.80136
6.94156
-5.50122
2.56258
-12.679
-4.80812
6.06786
4.42208
4.5512
-3.88714
4.50104
-8.42956
-4.8793
1.44752
0.55558
0.64146
-4.20766
-5.26794
-1.61518
2.67616
-0.52504
-5.07522
8.31634
-0.3733
-7.55916
-9.84252
0.367
0.08394
4.66252
9.0367
6.76486
7.82642
0.87704
4.28604
3.02488
1.87774
2.21148
0.38196
-1.74174
9.84138
2.21852
-3.73102
-4.9163
-8.1079
-4.97848
1.99888
-0.59532
-7.53704
10.2435
2.89922
-2.60686
-2.4503
-4.7566
-3.1079
7.9255
-1.43654
-10.9179
-3.2993
-2.45442
2.18854
1.47192
-7.97758
-6.99854
2.43228
-5.68182
-4.21518
2.87704
-0.68338
5.46536
6.17622
-4.86078
0.13616
-3.10904
-1.81086
-0.79208
4.54828
8.45448
1.01196
-0.77008
4.19644
-3.66648
-1.13582
-4.44992
-0.28764
-2.06768
10.9827
0.35952
-15.3446
-5.44316
-2.8074
-4.724
14.2212
-3.57252
-2.43098
-0.0317
-2.63062
-3.43224
6.99106
-0.46158
2.46854
0.04548
-1.67088
-2.89544
5.1269
0.8191
-8.90766
5.47684
3.83334
-2.90934
-2.01102
4.24094
7.20884
3.20078
-0.84418
6.11112
-3.37952
-2.99254
-8.53136
5.85102
1.67914
-8.17572
2.168
0.43008
-6.6202
3.58202
-7.02412
0.28448
-2.38476
-2.19942
2.49138
5.43178
2.4367
-9.24752
-0.40346
4.87702
10.9458
-1.3349
-2.21564
-2.03678
1.03988
1.27066
-12.6503
6.23334
6.27112
-9.73144
0.48058
-3.74392
9.1378
-9.63698
1.51452
-0.3215
-6.96404
10.1404
0.9511
1.95232
-3.1956
-9.57292
-10.1914
11.9921
4.4814
16.1209
-0.4472
-1.94714
-9.88942
6.45834
0.82792
-3.58216
7.7364
8.18822
-5.8652
-11.9685
-2.86624
1.2208
-2.42052
4.14634
4.64932
12.0421
5.7211
-3.01442
0.47214
-5.22694
-0.88958
0.8438
-4.12034
-3.97144
-0.52712
-5.60512
-7.44426
8.46488
6.52566
2.45306
9.89466
-3.35568
0.47638
2.68806
1.97156
-2.91266
-3.46374
8.85606
-7.68678
1.51458
9.34202
0.76998
7.2863
-3.25414
2.05214
-4.36438
-9.5139
1.96082
7.88412
0.67042
4.9655
-5.34546
-3.92274
3.5687
0.3993
-5.129
3.05002
18.5291
-0.76418
0.66758
2.57002
6.17292
0.9432
-0.0293
2.07874
4.5578
-9.9173
4.94366
-6.72152
-2.06198
-1.40736
-3.04464
9.46432
-6.0208
5.75254
-3.4034
12.0853
3.95134
3.47632
-3.66422
0.4236
3.17338
-1.65202
7.61352
4.0655
1.71848
4.1719
-0.61242
-1.94364
9.2458
-2.39624
2.87936
1.02738
5.52232
6.11614
-1.872
-8.65212
-2.20154
-1.86006
0.96762
8.55878
7.16424
0.2911
-1.05636
-1.58076
4.33802
3.75178
3.18922
-8.40518
-1.68892
-0.3754
-1.06156
4.96786
2.87714
1.37506
-7.50138
3.60716
-3.09924
2.69256
-7.45608
-4.0811
7.17086
4.9348
9.4549
-5.00374
-9.80838
-0.55026
5.42994
2.42664
6.4018
-1.22118
5.15646
5.17128
9.0236
-1.31116
1.2475
2.0403
2.12672
-5.40414
0.27336
-8.64326
1.44982
-10.792
1.22358
5.44418
8.36686
7.73224
9.26216
0.4184
-0.3836
4.0963
-13.0285
-2.97638
1.67098
3.05778
5.43752
-4.20378
12.3963
2.1963
12.5712
9.01826
11.7016
0.32902
0.0587
-6.3923
-4.92782
1.85062
-5.66144
-3.91218
-5.30356
-5.7361
3.82428
15.4243
0.64564
16.7471
3.52828
-1.21058
0.70802
0.93398
3.91594
2.92534
-12.9407
6.68642
-0.20388
-8.29884
-5.4444
-3.39188
-3.52838
0.73728
9.40242
2.48684
-1.02202
4.92158
-11.9629
-3.67938
-4.13072
-7.7174
-6.9949
-3.77868
-1.17366
5.84496
-2.10762
-0.40116
-8.92186
-8.99152
-4.62454
12.5826
3.50786
-3.57142
7.97384
-3.11354
7.67164
0.55962
-0.9155
-3.51208
-1.64506
2.8683
-2.07284
-0.33788
3.84578
-1.92238
-3.2376
15.6304
3.984
-4.65026
2.78374
2.18254
-2.55426
-3.46226
3.78388
7.35464
-2.25088
-9.50408
-7.08522
9.3269
1.99612
7.0268
1.075
-6.50328
3.86518
1.43042
-7.59588
4.38052
3.97108
5.38786
0.96398
-1.88394
5.98644
3.36788
3.69002
-2.23662
2.41574
-6.84156
11.1013
-3.55274
-6.29952
-10.3248
-1.10784
1.59112
3.87072
3.1296
-1.3452
1.1785
-1.27494
-4.37102
-6.25886
-8.27454
-3.74452
0.62182
-7.98486
-2.8512
1.87824
-9.3804
-3.78928
-6.94266
0.35822
7.00932
3.86528
7.951
11.6963
5.801
8.13074
-9.63386
-5.88484
-4.34102
-0.4036
3.29788
1.86566
4.88314
6.5369
4.50394
-4.097
4.0194
12.5555
8.08722
-9.68648
1.5518
-6.69882
-1.28698
0.88344
12.9848
-2.24362
-1.86836
-1.24556
12.0013
11.4574
-6.48126
-8.25098
5.74446
-8.66838
7.11398
5.50332
1.15518
3.81352
-6.14912
4.51262
-12.9612
-7.17484
-7.52432
-8.40586
3.51136
1.29922
-0.99506
-9.60552
-4.42498
-0.79438
5.51734
-11.5297
-4.61166
-2.64194
8.03394
-14.2771
-9.95616
1.1838
-1.6236
-9.41794
-2.16472
7.97286
-4.62004
5.02722
-0.73218
-5.27808
9.08998
-9.93646
-5.66796
3.18562
-1.7641
3.49498
-1.33472
3.55434
-1.83432
-5.1176
2.57836
11.2705
3.95962
-3.70984
-5.02022
1.54576
-9.8178
11.5735
8.23662
7.75086
2.14054
0.2192
-3.51398
-0.71248
-0.38944
-2.24378
-2.50416
3.0341
-2.42556
-6.45148
-0.08738
-0.3673
0.36336
3.80964
0.96192
-3.11912
-1.71388
1.70994
-2.56742
-9.3589
2.84138
1.7323
-1.5885
3.24638
-4.84772
-1.70716
1.84282
3.88168
-5.13564
-0.87208
-7.07916
6.56748
5.46524
7.4095
-7.3362
-4.3168
-2.01622
-3.47472
9.30882
-5.11368
-2.34862
-3.4885
-7.55606
-4.80704
1.72142
-4.6132
4.97606
1.10656
0.76608
4.74424
0.86462
-8.95746
-1.86606
-1.67826
-3.5195
-5.97906
5.2991
-2.69374
3.89022
-10.8347
9.09968
1.41144
10.81
4.12354
-8.49944
-0.12672
1.4096
14.5683
-1.0023
-2.35854
2.4518
-0.06066
1.80746
-8.70074
1.0049
1.19218
-1.48582
8.7014
-5.24152
4.56274
5.26468
-3.30928
11.9935
0.89982
-7.23376
-9.42228
2.00786
-8.59942
8.27102
-4.26728
3.20178
-9.16292
-3.32732
-2.0525
3.66734
-9.42114
-13.0986
-6.37136
-4.19854
-16.2474
1.67342
1.59566
2.99862
3.6506
0.77886
1.46986
-0.19206
-2.41724
0.85816
-0.60522
-3.748
0.58148
10.7984
13.1382
-2.68168
-6.2456
-1.97316
3.73
-1.33154
2.74738
7.01496
-0.3209
1.37364
-2.04584
-4.3414
-1.15434
7.18078
-8.54558
5.17472
5.37114
-7.33438
-1.12688
-13.4457
7.4236
0.63972
0.3356
8.75782
2.90048
1.9719
5.36096
-5.86764
-6.51432
-0.66092
0.91612
-6.61784
-1.32076
4.24458
6.49138
2.3597
-7.23282
-0.30098
-4.00894
3.7478
-7.2282
-2.1149
11.1733
-9.57182
-2.6702
12.5505
-0.20184
3.05356
-1.99204
-7.2157
-2.84702
3.497
-15.0846
3.30228
8.27492
-12.4077
6.57092
-3.22134
3.16136
1.6815
2.30762
-4.0788
2.7522
14.352
8.8021
-8.81924
0.3054
2.63978
3.2078
2.51188
2.09566
7.39528
2.97222
2.33906
-7.42056
-3.20648
8.28082
3.05116
3.47684
-2.0639
3.7512
-9.67248
3.28934
-4.39258
0.45026
-11.5131
-1.20044
-0.5575
-0.79534
0.11516
0.6073
-0.23368
6.1551
8.5342
8.19352
1.37136
-3.7522
6.02226
3.79492
-8.13762
-8.90936
-12.7877
11.2302
-3.78544
-4.4728
2.04112
-1.68666
-5.43872
3.87058
1.20464
-0.4139
-0.63224
-7.98766
-5.00128
-4.23282
-10.4044
-4.71586
2.7029
0.83624
-4.77296
7.92224
0.02344
-8.44712
-3.4445
14.2371
-4.47662
-2.5035
-6.03754
12.1536
-6.46966
2.14404
9.2982
0.70334
4.65572
-9.072
2.7281
-2.66822
0.0893
-6.64648
3.1903
8.45152
-7.87708
-2.90666
6.68666
3.25336
0.50298
6.51614
18.1083
-2.94478
2.17662
3.43672
-6.02226
6.31176
0.70012
-0.36888
3.5571
15.9836
10.4033
4.33858
3.12812
1.09192
1.87222
4.4752
3.05592
-3.70058
-7.02534
2.75408
-2.22674
-5.53332
2.89864
-2.3565
-3.32828
3.7357
11.7574
10.0127
6.33612
0.03748
-1.40488
0.21534
-7.2651
-1.83348
-9.07242
-4.05818
3.39468
3.66584
-9.23936
8.83428
-3.48802
2.74454
17.4515
-5.40478
-8.05312
2.77728
7.0125
4.98904
8.48846
-0.82108
-4.74468
1.9184
8.36718
-4.09944
4.17434
-10.5075
3.48058
2.92172
-4.1688
1.8339
-1.53442
-0.14276
2.25576
0.41462
8.09278
1.06838
15.6241
-3.78992
10.4676
2.16768
5.35122
-2.37738
9.49286
2.93132
-10.4768
-1.57186
-0.87576
-1.96798
0.89518
-1.33474
2.33538
-9.6094
-2.41214
11.2972
-4.16416
-7.83222
0.88496
-3.04618
1.66006
9.4106
7.56308
7.72062
0.58618
-2.81274
-6.48672
-3.4799
-12.3751
-2.17066
4.85142
-0.97132
-2.38794
0.8308
-2.19308
0.82756
-9.148
1.66754
-0.45264
1.92744
-6.00796
-1.36796
-4.4503
-1.72708
1.27444
4.87174
-9.23708
1.64228
-2.38152
8.59042
-7.99558
1.90334
2.90818
-5.83094
-3.92508
3.92378
11.5271
-3.35604
-3.83538
7.86738
-5.60822
7.27038
-5.97396
6.3943
-2.35254
11.4078
2.92902
4.84532
4.75712
0.02764
-9.28024
6.31562
-4.49572
9.9232
11.6573
0.58758
1.0513
-2.77616
4.55542
-5.0021
-6.39204
2.66422
0.32472
-10.7258
-2.01538
2.55974
1.42526
8.25302
1.06972
-9.95434
-0.57772
0.92488
-3.91684
-0.68548
6.91288
-1.00934
-13.1887
5.06934
5.00738
9.28498
-6.68706
0.61908
-8.94662
-5.43132
-6.90394
1.08558
5.1763
10.6328
14.5022
1.93938
0.434
-5.65058
-1.25578
-7.1474
-2.13244
0.44656
-2.68254
-4.33882
-5.8849
0.53482
2.23658
2.56994
0.99346
-6.00954
-4.59582
-1.46792
-2.50574
-8.2316
-1.23894
17.3436
-7.40042
-6.6784
-4.96262
8.81636
10.8916
-0.66302
-0.8416
6.0776
1.0898
0.01334
7.01844
4.05934
8.006
-7.31234
3.38176
-5.51718
1.62278
13.548
2.6241
4.75572
-0.52288
0.4497
-7.4618
1.57908
7.64702
-0.21016
-12.4578
2.79226
-1.95004
2.85166
6.34326
-0.66202
-5.79208
-2.17726
-6.60564
1.64814
-3.27078
1.639
9.93606
-2.31438
16.5883
10.4054
-3.08664
11.6397
7.91336
2.73892
-0.76198
-7.2384
-4.09882
1.9822
-3.30276
3.09972
-0.43964
-11.2283
-3.4909
2.2879
1.40576
-1.39746
5.60294
-1.54898
5.1038
6.26396
5.81328
1.91978
-7.34274
2.2473
2.3767
-5.01388
-1.27046
-6.91404
9.32004
-3.22612
-7.41216
1.75452
4.16848
-4.14912
-7.70668
-0.39164
-14.1445
-1.27386
-1.16552
-10.1308
-0.30566
-3.41718
-0.48508
8.06422
6.08524
14.4916
-1.56612
9.01164
3.80194
-8.81848
8.5289
-3.28614
-2.6392
-8.22794
3.02248
-6.85424
1.41546
7.58518
-6.56426
-4.8898
6.08694
0.17064
-0.68124
2.81626
-0.53152
13.262
0.05056
-3.33908
-0.19452
5.556
5.05082
5.37856
-4.32386
2.91888
7.3882
-6.71426
3.28288
0.79816
-2.88472
8.20902
-5.0365
7.14578
2.79012
2.51928
-10.7897
1.42954
-10.7747
-0.88688
7.12516
4.10678
3.41278
0.8986
4.47252
-0.279
-0.91246
-5.78334
-4.18674
13.4005
5.62638
4.12864
-3.56606
2.266
-4.65874
-6.41218
6.0146
-3.2071
3.92206
0.48836
2.32324
-4.34388
6.67428
3.18772
3.33202
4.1506
0.81092
0.21234
1.67534
-4.21104
-7.55758
-3.86602
-7.31748
-0.7652
-2.8592
0.2183
-3.90246
-1.3309
-1.34094
-7.13214
3.55522
-3.68786
-2.66526
4.15852
1.79174
4.30602
7.2447
15.2841
5.73284
0.22124
-9.42946
0.45722
-5.50544
0.3847
3.01104
-5.7496
5.16192
-6.34884
-2.98444
-4.4324
-3.91632
6.5561
0.62984
-9.57682
-11.2556
4.34314
3.38826
5.38744
-0.69214
-14.0741
-2.4039
-4.84336
0.06512
3.63758
-4.41942
-1.53088
-3.99522
5.52544
-8.83826
-1.33536
-17.0384
-2.0981
1.06864
1.57612
4.30856
-1.57178
5.57828
3.03164
-3.46474
7.48028
11.4921
-9.5082
-3.41578
1.02514
-0.51556
-7.07504
-2.29866
-7.3389
-3.64004
3.91638
-3.85956
-2.65328
8.7192
4.16912
-7.90064
4.0024
-11.4026
3.56748
-5.08538
3.86824
9.9272
-3.21062
-5.21494
4.80652
-8.24212
-1.5493
0.6714
-12.4734
5.61192
-2.58714
4.58598
3.88044
-2.8968
5.64898
-1.8367
2.42354
-7.99276
-0.25736
2.4903
-14.5546
-3.69718
2.02642
3.85766
-3.61562
-0.1884
9.56658
2.8047
6.08862
12.2869
-5.12076
-5.8339
-4.96398
-7.52698
-8.3273
-0.25606
2.03056
-9.81864
-4.58006
1.07702
-11.226
3.32508
0.00982
-9.1098
2.53358
4.57522
-6.8907
1.8234
0.15502
-2.06812
12.4156
1.4215
1.03088
0.75486
-0.86242
8.40872
-1.32488
4.11434
-4.4934
-10.493
4.82832
-12.7631
-2.68588
-5.19092
-4.3201
-2.88724
0.7283
7.91382
7.48282
-10.8215
3.63042
12.5353
-3.37366
3.18726
5.1635
4.4315
2.67534
2.53246
-5.07376
16.0046
8.70616
7.72552
2.96692
-0.66504
-9.14768
5.57096
-7.78558
-2.40984
1.80544
9.21348
-1.02988
10.4586
3.87704
-15.6672
0.23912
-9.88894
-0.05748
-11.5459
0.95978
2.50286
1.86498
-8.67356
1.5183
-11.1474
4.2598
8.72976
-4.01434
-3.8565
12.6771
-4.29444
-2.7206
-2.31368
3.392
-3.66974
0.61672
4.16426
-14.9153
-1.9553
-4.23658
-3.66854
-3.30496
-6.06608
-2.8192
-0.37454
-3.91148
5.70154
-8.51158
-2.30254
1.81052
1.2806
2.1346
-0.1462
3.9263
19.3284
-9.86314
7.0495
14.8664
6.31428
7.40936
7.2193
16.954
7.67698
-4.461
-3.38078
-1.0478
-0.60562
-5.55574
1.34312
-3.02484
-2.0251
-2.64636
-7.56542
2.86194
5.55692
-0.73896
-0.8527
10.4132
1.9002
-1.10424
-4.8594
4.41206
-2.1132
6.45884
7.17648
10.0866
-5.7015
6.5855
0.6287
-13.003
-0.29774
2.29484
-1.93078
2.56802
-8.2581
-3.06824
-3.06898
-3.7812
-1.75228
-0.0214
-5.27404
7.98438
0.19852
-8.39304
14.1112
-5.58682
2.23294
-1.5186
-4.5578
-4.57272
2.43558
2.75166
12.3805
-0.25006
-2.62314
-7.85712
8.39674
-2.97804
0.39566
-0.89402
2.54338
-9.49514
-6.6158
-5.45518
5.53308
3.49402
0.77342
-7.32688
4.59998
3.89222
-0.77586
-0.95566
2.92944
10.3896
10.2188
1.07926
-5.35608
-0.95928
-0.70364
0.9168
-6.11996
2.50402
-12.5773
0.18808
12.4232
-0.7617
-4.19838
1.0622
-1.7094
2.24866
2.22244
-7.40968
2.98416
-1.65852
0.94262
-11.8137
3.93528
0.03594
-3.79744
-7.73312
-1.2544
-2.62786
0.57194
5.54354
-1.01832
2.44956
-3.7304
3.76016
-2.15154
1.63892
-3.9418
0.72118
-5.69892
-7.12646
-3.4535
4.99254
5.36708
7.38556
2.74978
-1.6395
4.92586
2.72084
-1.70264
1.42078
-0.99144
1.4214
-6.67136
2.90746
6.86618
4.7203
-2.3132
-3.24218
-6.8241
-8.91248
5.28124
1.54972
0.46348
12.4061
3.50528
-4.78052
-2.54302
2.96158
-2.122
-4.87252
4.80186
2.05688
7.90454
8.17478
-7.15526
13.7435
7.15034
-8.96402
-13.8227
-0.52816
-3.1008
-5.47292
2.71156
-6.54446
3.47838
-6.7479
6.42132
4.86046
3.03638
6.25214
7.88684
-0.6885
-5.50008
-4.28908
9.31866
-5.99618
3.37764
2.79146
5.60636
-3.49224
2.25544
-4.10262
-11.5202
0.45856
-7.65282
-4.57434
-10.2217
4.72228
10.0684
-2.01592
6.73932
4.95328
-5.8551
-2.42378
-6.63538
-7.52792
5.734
9.34318
-6.00236
-2.67286
-2.66196
-1.818
8.19084
-6.53992
2.76842
0.40368
0.32978
-3.4167
2.97498
7.17998
-5.28314
-2.44898
7.05074
-4.9108
-1.77492
1.22646
4.80718
-8.56364
6.04994
1.98738
6.4893
-4.11194
-1.69326
3.39672
-6.69178
3.31044
2.98194
-3.81026
-8.00502
-5.44438
-7.95682
3.76148
3.44874
-1.00206
-3.3932
2.04286
-5.35148
3.61866
3.3671
5.43392
3.33226
-1.79132
6.94702
-5.83306
-3.70748
3.15012
7.0742
2.92268
-12.9986
11.3659
4.712
2.64576
-0.35032
-3.16218
2.94868
0.48008
4.48724
-7.79332
-2.80624
9.86266
-2.66572
4.06042
-2.99332
-7.58022
9.5895
-1.10268
-1.63026
1.6069
-4.6253
-5.12626
-10.1038
3.17432
6.86766
4.6444
6.71824
0.87948
8.69178
1.93852
-6.19422
1.00164
4.17896
4.77496
-1.5117
-7.70412
0.91788
-9.26474
-0.6803
0.05284
-6.20804
2.08306
6.64472
-0.70028
-3.95692
-2.49782
1.01664
-15.1022
13.0355
-0.47404
3.3014
12.9158
10.3608
4.59936
-2.99456
5.24186
-4.29852
12.6453
-1.97274
3.5704
-2.40348
6.09374
8.15772
7.9706
6.52402
-2.92496
4.92706
-2.79804
-2.4947
6.10256
-5.36376
4.22384
5.83962
3.20424
0.0467
5.67536
-0.14516
-7.27854
-10.5987
0.19706
-1.31354
1.06492
-1.00492
2.28798
-4.92976
-8.8573
-0.7584
3.8492
-7.2831
-0.59488
7.40196
0.19264
2.71256
12.4506
3.0549
-3.74432
0.2585
3.1795
-16.6008
-1.90266
5.07636
-6.7566
13.9973
0.79738
1.8468
-1.2888
-4.42548
3.2948
0.17198
-7.50454
-4.33382
-1.06516
2.98322
4.10156
4.92114
-1.63892
2.87062
7.4043
3.05024
-1.16102
-4.17394
2.68566
-1.73694
-7.00148
6.86746
-4.3166
-1.44362
2.75428
-0.29874
-2.7214
7.7548
1.59436
-4.41402
2.19614
4.91928
-4.42594
-2.21706
-3.37498
2.49924
0.70768
-4.13424
-6.01542
-1.36482
3.76172
4.93142
2.71592
7.56568
-1.74596
-6.75466
-1.71764
5.65362
1.96008
-0.24882
12.9661
0.94132
-2.68084
6.04074
-3.22384
-4.96518
2.54102
-0.6294
-5.57238
10.8458
0.201
1.60436
2.6622
-2.23886
-2.40632
1.00374
-5.60642
-4.97248
-2.40086
-9.30788
1.72618
8.92866
4.82204
2.70262
-1.17532
-0.048
4.04764
-9.06058
2.14732
-7.57616
-3.912
-8.47088
0.13418
2.12336
-0.04522
-0.23688
2.7059
-6.38848
-2.53288
2.38986
-5.13184
6.47702
3.47532
-2.54308
-9.12458
6.34168
-8.76672
-7.65482
-10.0464
-4.36934
-9.684
-7.63794
13.0114
1.55024
-0.88134
-2.03278
-7.28858
2.8409
-9.449
-6.18506
1.51258
9.1837
-1.31486
12.164
-4.62934
4.17198
-6.77312
2.24506
0.31738
1.93118
-4.64528
-10.2697
-0.04686
-4.94822
9.65448
-0.73954
-3.27574
3.28136
-0.5273
-9.40704
7.15218
1.86206
0.16684
-3.55596
-5.866
10.9435
2.1177
-5.52626
9.43958
-6.2516
1.2202
-0.00774
14.5847
0.64166
-1.29042
6.9354
-2.04528
-4.11436
2.05116
-0.87668
-3.53994
0.71898
0.33882
-2.29798
5.53618
-5.589
-8.83788
-0.5877
-11.0378
4.63048
4.02198
-10.3198
5.52166
-3.61478
7.01428
-5.00362
7.38478
11.201
-0.3783
3.88252
1.10316
-7.31514
-6.07206
2.38608
3.05954
-3.44134
-0.73548
-7.68324
-8.7256
-1.5212
1.9625
1.62984
8.65104
0.3827
2.25232
-3.294
2.72002
3.7548
1.66758
-0.6004
2.319
-3.82378
4.30048
2.15262
9.7109
-1.10718
-10.7099
-3.51948
4.55148
2.30828
-2.49814
-0.19646
-0.28686
2.17016
11.4994
6.66694
5.41286
2.50228
-3.11348
-3.8144
-8.49256
5.49246
2.40078
0.33294
4.02564
-7.85518
-0.821
6.66938
-4.97632
-0.77308
7.44398
3.0947
-2.72664
-9.72474
-8.75724
-3.94854
2.0974
-0.06826
2.02374
6.36592
2.77756
1.17584
1.04664
3.36542
-4.74612
-0.39468
-4.24536
4.11992
-4.51968
-6.35858
4.47118
4.87956
-1.14658
-4.0054
12.1978
3.07288
0.32732
-6.31636
-4.4703
7.85872
-3.62392
5.92432
18.0693
7.75798
-5.47028
-5.95304
4.05466
-4.21466
-2.44148
3.27822
-1.652
-16.146
8.2162
6.38546
-7.57842
-12.9539
0.46414
-3.06404
-0.92926
9.30658
9.69046
3.8882
-3.19358
-3.11142
8.07274
1.09888
-1.0864
-4.07492
8.31678
2.70004
2.55362
2.43254
1.24134
-3.15284
7.9018
-4.30182
-6.28448
-6.6213
-1.37406
-5.00432
-5.5375
-6.24988
-3.45966
-3.53912
-9.09336
-12.3154
-0.79992
7.09874
4.3155
2.69988
0.26748
11.3854
2.5575
-4.28086
3.79288
5.8901
-12.4505
4.8015
4.7775
3.18832
2.51936
4.11928
3.65626
-4.549
0.89478
6.82344
-5.74344
-2.55126
-2.57192
-9.46442
1.9953
-2.9467
-4.34768
5.1079
3.5736
-3.27264
0.9007
3.27328
-7.2741
2.47552
8.14236
4.38716
-6.44128
5.9648
0.45898
-6.19474
16.7715
-11.1096
-8.15068
-1.45156
-7.89704
-4.36482
-8.07106
0.2546
-8.57938
3.58224
3.12392
-2.25656
-3.15174
-12.3128
2.87028
4.01408
3.12994
-0.54014
9.3535
-4.04596
-0.41894
-2.2702
-2.60842
9.09372
-3.41174
-4.7505
9.37582
0.84502
0.5796
-7.17236
5.18384
0.89464
-11.5884
1.83086
-8.46798
-2.96256
12.1879
-3.9255
0.72026
-2.70252
7.363
-2.77906
-7.92996
-5.54584
15.2925
-0.49924
-5.05582
-4.10236
-3.02846
3.62164
-0.95866
-0.75802
-5.00848
-3.89274
11.2711
1.47166
-2.566
-4.16472
-0.32488
-9.61262
-2.27478
0.83126
-1.3356
-5.27154
5.53948
3.35684
10.2261
-3.93968
5.82636
-3.54032
-6.81542
-5.10446
-2.51244
4.18554
0.31708
-5.84246
-5.23624
1.96152
5.15802
-3.86138
-1.7875
4.95074
-7.80332
-7.76604
20.4672
-0.3592
-13.7217
-4.69322
5.4064
2.26164
0.75904
1.2043
-9.1497
-6.06708
-4.87612
-4.52172
3.19382
-0.49046
-5.11258
-6.1225
2.48994
-0.13542
11.1911
1.08454
1.55182
-11.6265
2.28596
-11.5607
3.64068
-6.82198
-4.46012
8.43972
-10.2478
7.22684
3.41128
-10.7859
6.3815
-3.16498
-0.75096
-1.1432
-3.24458
-5.76624
-12.6031
-5.2244
5.42346
5.6869
1.49828
6.78016
-2.21472
5.32586
-0.6628
-1.87572
0.80584
3.57584
-1.92676
-6.78214
8.61212
3.82782
-4.63506
16.3608
-0.15238
11.1694
2.62684
1.28332
-4.85984
7.135
1.544
0.36704
-9.29406
11.0954
10.1461
-8.05308
-2.6838
-0.95822
4.61266
1.43484
7.4932
-0.05686
-9.60742
-1.73156
0.52272
-2.50062
-1.94456
-4.04758
-5.70378
-5.85482
-14.4036
-6.1761
-4.54066
-2.76068
-3.08376
-2.57544
-8.76136
5.40224
-8.10422
0.11494
-10.7854
-7.34704
-4.28978
-13.2367
5.41864
-3.42396
2.72458
-0.33736
-11.1115
2.1868
-1.72726
-12.1826
7.60942
-7.93038
-8.91788
-1.04878
-0.2321
-6.23398
8.64
-7.90158
4.90058
-6.05904
-5.65014
-10.058
2.63776
-6.23736
9.12404
-0.10964
-4.57984
1.21838
-3.49616
2.4643
2.29618
-4.7754
-2.87652
-6.01128
-6.18176
-16.3957
4.75128
3.06392
-0.74534
5.73224
1.34428
1.8059
-1.67794
6.74828
-1.26186
-2.88004
-3.5178
8.80462
-2.37848
-7.80312
-5.66312
1.66966
-7.89118
0.57922
-8.5947
-6.2753
-1.28858
-7.59264
-14.3401
6.30912
0.64786
7.41464
4.4655
-3.84242
-2.6641
0.08952
1.5891
-3.84966
9.64092
-5.2432
-5.80374
-4.44888
-4.206
12.3893
4.93186
-0.87556
10.2741
-2.79876
-4.93064
2.36762
-2.06512
-11.9327
10.8173
1.9934
6.3584
3.68362
5.88864
2.60474
-15.6529
-3.06206
12.5576
8.25288
9.58124
0.43492
9.89006
2.08054
-5.08826
5.45354
1.7855
2.66788
4.79648
5.02556
3.62866
2.96988
-12.1063
2.7043
-6.3097
-4.23934
0.49936
-4.31006
-6.34922
6.03498
6.4714
0.10578
-7.87822
-1.60868
-14.3622
-10.8453
-0.24342
4.76308
-5.42936
-4.23968
-1.51482
-1.4455
-1.24964
-2.87208
3.92876
-7.20484
6.61262
0.22312
-6.01672
2.67614
-4.14012
-4.36578
-2.80812
2.59616
-1.62196
-0.98796
4.81082
6.45108
-0.27874
5.9679
-5.9976
-12.4497
-8.57118
1.5642
-4.9704
-7.15468
-3.08312
-1.99274
-0.22622
0.12332
-0.9299
-0.0533
-7.7546
-9.77462
9.17812
-7.03694
-5.74876
8.49112
-3.92164
5.40288
-4.74704
-9.26934
-6.84176
0.40384
4.40422
8.48142
5.1107
5.05104
-7.68202
1.19578
10.0038
10.9388
-1.47504
3.58476
13.5417
-0.55576
0.761
-2.04384
-6.06448
4.49936
-0.27308
1.3434
-0.18532
-1.22984
1.09264
10.3118
2.11092
-2.66348
2.20284
-5.19724
-3.44752
1.89072
-5.2446
-2.44408
-3.7498
-6.23168
0.16714
-5.51332
-11.4056
5.8899
4.7086
4.93994
0.30848
-3.49922
7.0985
8.3778
1.41588
6.67752
-4.4035
8.23968
-2.5997
-1.39966
10.1123
-4.30878
1.70166
1.40578
1.7828
0.84926
4.19194
4.5078
-1.72334
-5.53262
-3.67162
-2.42182
3.33508
3.58172
1.36874
-1.07372
-3.88242
-3.62074
-2.15076
0.0073
-11.0095
2.09574
9.17676
-2.71416
-5.1127
-3.8464
4.84944
0.86374
-3.26236
6.53612
2.39026
-3.04252
-0.2712
2.92444
2.19804
5.49746
-1.81576
-3.49484
-5.10494
9.93266
-7.87896
1.65686
-0.9062
0.1996
-2.04252
-0.73448
4.0218
0.63032
1.14586
0.54792
0.13846
-1.9851
3.86206
-2.379
-5.16536
4.84346
1.2711
-1.39804
3.78928
-7.79372
-5.78698
-3.19674
2.91894
-0.49076
1.05566
4.57468
-1.70064
4.08018
-3.69106
-3.6219
-10.9928
-1.03458
-7.36054
0.06634
9.13964
18.4142
0.6424
-3.83262
1.14102
-7.36658
6.65124
0.92632
-4.71366
10.204
0.62292
-3.05846
0.8481
-7.36092
-0.00094
-11.1743
6.0434
5.05832
-7.5074
-2.66444
-5.73182
-9.27062
-7.39628
-7.38746
-2.69092
2.98818
-5.78708
3.714
-1.79632
11.6904
-3.9568
7.93948
-8.10604
3.372
8.0691
3.57432
6.19104
-3.24516
6.42344
9.18614
-3.49548
3.79688
-7.0252
-4.33982
-11.331
8.4741
9.70754
-6.21316
-2.53102
6.00116
2.37274
10.5465
-6.74514
-3.21806
6.70682
2.76422
5.75998
5.96636
-5.39434
9.39056
-0.49332
3.21906
-9.18484
-10.1518
6.46114
-3.42768
-6.52048
0.53734
-1.41804
3.31684
7.12932
2.59566
-0.09716
1.25824
3.94026
-4.09292
-3.36038
-3.19586
-2.66248
-1.79068
12.9268
-5.74736
-7.6531
-2.83262
-5.19662
7.4477
6.88628
-3.39792
5.97934
-3.911
6.82622
3.84376
6.2689
7.14412
-6.19684
-2.71656
4.58484
-5.59196
0.39032
-1.08096
-4.1894
5.59968
0.32376
-3.16242
-2.29766
0.59862
0.39006
3.77428
-3.98454
5.02882
-1.05664
-4.17806
1.10594
0.59166
-2.15246
2.25442
8.71602
-16.3295
-1.05812
-8.19516
-2.00598
5.1983
1.05472
-2.40496
-6.05926
10.179
-4.92756
-1.4829
3.58468
-2.60062
5.60992
-1.75414
-3.31964
15.2194
-1.0502
-0.01038
-6.14494
-7.53684
-5.96424
1.9174
-0.48946
-5.682
-2.43374
2.66924
1.52588
2.6717
10.8594
-0.8102
-3.64194
-5.6026
-3.70748
-4.65164
-3.92682
-10.0018
-0.0181
-0.19152
-0.4578
7.27912
0.21866
5.1832
0.08608
0.75938
-3.9766
-5.41872
-0.73442
6.53054
3.22516
3.6071
-0.61182
3.68248
1.58542
3.40126
2.42716
-4.48168
4.78922
-0.80548
-1.67132
-0.07242
-14.2128
11.6327
1.11868
0.87048
-7.6486
-0.76066
-2.94614
5.86702
8.64442
-2.18324
0.55902
11.0343
13.5848
-3.80158
-2.96948
5.53474
-5.0264
1.55212
2.56812
0.90084
-7.22276
0.21576
2.19498
-10.7967
1.74752
-7.49614
-3.20766
-0.10156
10.0752
0.75594
-6.16864
3.82478
2.26984
-1.18926
8.01788
-0.81576
0.3287
-1.26964
0.72866
-6.27636
12.4031
-3.49294
-5.72444
4.5724
-3.9007
-4.33298
6.9808
6.8969
5.1189
3.92464
-1.07074
1.8788
-5.0724
-9.4657
3.74298
-4.97004
-1.17318
5.58586
1.01986
2.99094
-2.20444
-2.73646
4.82568
-1.1038
2.05476
3.06346
0.5009
-2.92208
-1.08286
-1.89832
-9.3811
0.07178
-2.65484
0.2688
5.33954
9.87372
9.5989
3.36422
-1.50292
-2.58902
-3.53864
-3.13404
2.99538
-1.68758
-5.40602
-7.67404
0.11776
-2.19318
-3.37956
-8.46102
-11.1183
-4.21222
5.99776
-11.6541
3.39798
6.6078
8.00354
-4.07344
-3.72448
-8.58582
5.47106
0.36638
-5.84622
-5.2284
-0.3186
-4.79174
1.39176
19.0526
-2.5439
6.86458
-3.63584
-7.4626
-4.27218
12.0471
-4.86886
-4.13322
-1.05036
9.02908
-6.92728
-8.96178
4.05904
4.07954
3.6221
-10.6942
3.3173
-8.34382
-6.26922
3.32968
2.42548
2.09634
2.16102
2.59404
5.00194
-4.27802
7.56164
2.38874
2.02768
-7.75982
-5.13824
0.96002
-7.0695
13.4945
4.4878
-2.9213
1.4812
0.03258
1.48756
3.80916
3.45912
-5.53088
-2.9553
3.9847
-3.20444
-1.75016
-3.28346
-1.46988
2.7715
1.15064
-1.3746
1.79182
-2.36338
-10.6994
-2.92632
-3.18388
-4.76966
4.48134
4.73642
1.55206
-3.02806
-3.11466
1.45702
-0.4504
2.68908
9.25342
-7.0631
-2.15276
-3.66206
2.75132
0.26012
-2.67794
2.16454
3.37828
0.01912
0.7709
-4.2091
-3.44604
-5.64684
1.2831
-4.35394
2.90614
-9.77322
5.26352
-3.142
-22.2407
5.3232
1.4845
-1.06708
-4.40766
-10.4657
-1.36398
4.8547
5.797
10.5095
0.28718
-0.41056
-3.66948
10.2729
5.15194
0.98266
2.82566
2.6512
-1.79814
9.94448
-3.291
1.18684
-3.61498
0.41696
4.23958
-1.51756
-5.61194
7.6502
-5.70128
-6.3948
-5.45204
1.51422
-1.16278
5.112
-6.17428
-5.28748
-0.8456
7.62664
9.78504
2.71834
0.54062
2.50904
-4.11142
4.68566
-4.89506
1.61626
1.98744
0.58636
-7.44494
-2.45884
5.00662
-7.3136
-4.77644
-2.9729
1.23672
-4.154
10.1904
3.8159
-4.1197
3.97304
-7.43594
-5.61552
0.55634
3.9749
7.38578
6.02204
-6.5076
1.2288
0.1039
-8.65472
-0.64678
-0.78146
4.1171
2.55426
2.34078
6.05394
1.21442
-1.4228
1.2577
-6.29412
-3.97192
-6.29828
6.98074
-0.41106
-5.24912
5.19622
2.1615
-13.6498
4.52682
-7.67338
-5.42164
-9.48526
-4.12584
-0.80246
-6.46166
1.24326
4.98028
-1.49636
-1.35788
4.19832
10.52
0.92012
4.62532
-7.45508
-9.02074
2.45896
-1.54816
-10.8024
-0.316
1.79462
-11.4762
-3.57814
2.09288
4.57484
7.57894
9.05754
5.28756
12.3569
13.1302
-1.92552
3.63628
7.73742
7.19404
4.38596
4.26338
-0.09784
-3.64386
2.51742
-15.3551
1.2789
-10.9836
1.97434
-2.94074
0.17626
-8.30214
-1.82188
4.29024
-0.29086
-3.55146
-0.292
2.14904
-9.48676
-12.2029
-8.55854
-3.91306
-2.9434
-1.98178
-0.44238
7.2899
-4.82424
1.37472
4.10226
2.85596
-5.35524
0.48774
-2.23144
-3.14792
-13.243
0.50268
-4.18698
0.19384
-4.11978
-10.7078
5.63236
-2.0597
-6.91144
-1.56096
2.1004
4.57488
3.38138
4.68548
5.71318
-3.54576
-8.46358
2.134
-10.335
7.82108
2.69856
2.16018
-1.96402
-1.79132
6.335
-6.84616
-1.18454
-1.68112
9.80202
3.79982
3.59902
4.37342
1.65264
13.3614
0.64214
-5.15014
-6.4234
3.12932
-3.86492
-2.69794
1.01334
-5.5086
-6.2485
-8.48714
-2.29146
-5.84426
-9.94762
-3.81502
-5.7734
5.63126
-1.93842
-3.63402
0.3867
-0.15958
-0.4213
-1.63928
1.23566
-3.5243
-5.59728
-0.35142
-0.09146
-1.57516
-5.7438
12.989
17.9173
3.33326
1.38284
3.54718
10.6788
0.20316
-2.00982
2.37944
-4.68506
11.9285
-2.66728
-5.20438
0.17426
5.9335
-1.52822
5.05354
5.16614
-11.8382
-0.73976
-4.69686
10.4781
-11.2497
-5.78926
-3.93332
1.59714
7.65892
-2.36934
9.09392
-4.17828
-1.19598
3.1077
3.86276
6.23866
-3.93336
-2.89256
-0.45164
-11.4826
-3.13636
9.86936
5.02306
0.67404
-7.91086
-0.04634
6.76768
-2.5733
7.5915
6.86746
1.15464
2.27636
-4.43768
6.72898
-10.3268
-1.75402
6.42958
-0.81992
-5.35896
-9.90968
-0.25746
-2.95798
-15.9054
6.1589
11.1808
12.5911
1.12318
-2.9343
-7.27984
-11.4609
-1.32642
12.8426
-2.1071
1.61722
5.5422
-1.0165
2.6053
-1.99004
-4.33882
-6.06794
-3.69222
-10.0111
2.59576
-4.51944
-3.21458
-4.16626
6.35946
9.9668
8.7413
8.37886
-4.69618
-0.98344
4.1925
-5.69442
4.87466
6.61376
5.0407
4.6509
4.33406
-19.4701
0.58028
8.87138
0.09894
7.56384
-0.40194
16.2428
-0.62258
-0.64022
-4.4726
7.88926
-12.5361
-9.76018
-7.20364
6.29956
-9.82698
-5.66038
-4.62242
-2.41604
-11.6616
4.68142
-3.38936
1.0888
-0.42548
-7.44484
1.44472
7.65204
8.90814
5.11024
7.3728
3.14466
0.69506
3.79532
-11.9943
4.76922
0.4488
0.08876
-2.87822
-2.6424
0.53186
4.05094
3.4368
13.3305
5.58878
-1.7678
-4.60464
-0.98512
11.752
2.05936
3.44988
-0.95816
-4.20466
-5.20678
0.31284
-3.12192
-2.79784
-3.11016
-3.37346
-0.79614
-1.2148
-4.31062
-0.11498
-0.0642
5.31332
0.05604
-1.03108
1.15266
-0.66708
-7.24896
3.812
-7.6702
-2.76062
1.27774
-8.05772
4.0993
2.41178
7.74002
-5.05786
-0.81648
2.73392
4.0858
2.52934
-6.55942
-9.5405
10.3195
1.01188
-11.2672
5.31154
12.9619
4.88784
-0.1481
0.85686
5.20342
-2.75128
-3.57668
-2.79122
-0.0665
-3.8794
-1.21804
-6.20274
-3.01208
-12.9056
3.1092
7.61146
-0.8228
-10.8694
5.41596
-1.54882
1.11062
1.37318
9.68376
-7.26118
-0.60116
10.2301
3.94148
2.51042
5.69446
1.5485
-0.58928
3.19404
-4.32106
-12.703
2.96956
-9.05536
2.3187
7.37268
5.58456
-3.91352
-4.693
-8.75296
8.29122
-1.52342
1.3948
-5.79808
-1.03032
4.87744
-0.53262
-1.06322
1.1915
5.92478
-9.73206
0.3241
-4.62856
-9.25274
1.85146
-10.2361
-5.52686
1.46256
8.1305
0.51454
-0.65604
0.70138
2.9146
8.5131
4.98224
-6.31068
-3.18148
1.81098
-2.82798
-1.55778
1.49372
-1.79226
-3.82518
5.88026
-10.9989
-6.10698
10.6556
0.76414
-1.46884
2.74974
4.66242
6.47136
-4.01658
0.16198
6.57586
8.9668
-7.06122
-6.96116
-5.52656
4.7254
4.55448
6.34736
-2.72284
4.6122
-6.73874
0.79358
1.00188
7.52426
-0.42226
-5.37724
-2.45622
2.21064
-3.09638
-3.87144
-9.15952
-1.07354
5.12858
-0.69372
-8.9596
0.8376
-3.80212
-2.29228
4.52788
1.1098
-9.88492
-10.4249
-5.99348
-7.63702
-7.30012
-3.27806
4.36456
4.3161
9.84624
4.29516
2.77092
4.34048
-8.58154
-1.95864
8.21718
3.33726
9.40386
-2.0229
1.20942
3.44658
1.24764
6.9387
-4.5037
-1.01074
-1.77152
-1.13886
-1.36048
0.20708
2.25272
1.87774
4.30692
0.36006
-2.0783
-7.21282
1.35978
0.6885
3.40328
-3.2266
1.53778
1.31004
0.75618
-4.50436
-2.51972
-4.89462
0.91082
-5.12688
-5.3599
4.84514
3.61652
4.59464
6.05338
-2.34166
4.00664
0.69706
0.3578
-10.3283
-2.45564
5.30044
-10.7186
1.73966
7.48766
-0.24174
2.79154
-4.32286
1.99946
-6.69872
0.35482
2.12232
0.33054
4.07324
2.95036
-5.19824
-7.69536
2.10924
-4.27498
1.49646
-0.80566
2.43712
-0.04012
0.62754
-4.8212
8.67016
-0.6833
2.6483
-13.7734
-3.37482
2.3207
-6.79244
-1.85994
-2.65776
-7.2942
-12.2142
-1.8044
11.3768
4.5026
-10.7486
-0.21006
0.01586
-9.11974
1.96366
7.7796
10.5332
-1.40812
-6.36964
4.50862
4.69386
8.21198
5.1489
-4.48696
8.01532
-9.2672
1.5759
-0.67074
5.7529
6.82136
2.4478
6.32128
2.06912
-0.45306
1.82828
1.32782
-1.07822
-10.4667
-1.29808
-0.50962
-0.10676
19.6484
3.18248
-2.78276
9.84052
5.15934
1.31308
-3.22718
2.59064
0.57714
-4.1033
5.62382
3.99864
8.8211
-8.3452
8.48394
-7.43304
-2.66874
-10.2356
2.06032
11.6295
-4.51564
2.49886
1.87104
-9.40738
3.13444
-2.0919
-4.18796
-0.95808
-2.47712
1.07786
11.0311
3.38338
-8.60654
-9.18886
-5.60026
-4.36686
3.39866
5.67396
-9.6478
6.38416
-11.9489
-9.20188
-6.5971
6.84934
-0.86846
-4.88334
0.49878
4.02122
5.496
0.43476
0.4441
1.4817
10.6677
7.01024
0.9088
7.24068
-3.63376
-4.90878
-5.63814
2.96822
0.5591
0.2559
-8.1298
-3.48826
-8.05394
-3.16204
-0.35066
3.80746
6.27442
-1.4214
-4.3387
0.16824
1.17186
3.28074
-1.67826
7.2131
3.3984
3.66032
-4.72894
-7.97966
-3.51722
12.5066
4.48352
-4.5034
-5.20996
-1.21444
1.05856
-4.99132
14.1787
0.59172
-5.9125
7.73694
-12.397
0.13746
-15.8013
4.03078
4.80544
4.8994
-4.40794
-10.1272
3.36964
13.0985
-1.75938
2.60884
13.3306
-3.56156
-5.08352
9.87268
-3.2414
3.91032
-9.52854
-4.42696
5.76928
-9.6151
-9.35758
3.59526
-3.38288
-1.2153
-6.54348
-3.5069
-9.60924
4.2182
11.0353
1.45384
1.53688
-2.76066
-12.0614
-5.06538
14.0751
-1.41274
6.7086
5.07566
5.64744
6.16598
-4.84672
-0.84888
-4.80598
-4.44298
6.5607
15.2901
3.61602
-1.43106
13.8669
-3.21382
-9.06506
1.15078
-0.60764
-7.0825
-4.46444
-2.14754
-3.71542
1.8298
-3.7946
-2.49522
-1.07464
3.95316
-5.11396
-5.78134
-10.3865
-3.84678
3.9672
7.8602
0.00904
2.22312
-0.44964
-5.9337
3.48758
-0.50876
9.74712
4.417
5.49234
-12.6642
6.32644
7.59486
4.11354
-9.82926
4.85186
5.329
-3.00864
-0.34542
3.99462
3.6895
5.15386
-2.87324
-0.2844
-9.31414
-4.72142
9.78064
4.65264
4.10378
-8.1981
3.39944
-4.67452
-10.2632
2.23434
-4.02136
-7.08474
5.51812
1.01816
-5.33042
-3.50108
9.0116
-7.29922
-0.0732
1.81662
0.81178
-1.3469
-2.50956
-3.29422
2.60518
4.08306
-4.68272
-3.6641
1.73872
5.0385
1.80054
-2.61712
-6.1838
-2.78842
-8.40808
1.24154
-3.20194
-5.87514
7.27628
-1.55728
2.15424
-2.28832
2.85514
-1.43298
2.04782
1.99844
5.613
10.1458
0.26734
-0.43848
-5.6072
5.1082
7.0951
-0.75358
6.74238
-4.77802
-1.80574
-4.1438
10.4421
-1.07816
5.50196
-5.33842
-6.4042
1.71774
-1.58412
4.07626
-9.268
-1.44876
-1.09754
-3.84476
-1.06744
8.43018
4.3964
-3.89018
-1.89598
3.10194
-3.50712
0.46076
1.41104
-0.62996
3.92244
3.23494
-7.05706
3.83178
2.2128
0.45044
-0.51952
-1.78398
-3.0579
-2.02862
11.0831
2.84464
4.70074
0.4008
1.56184
-4.03436
-6.43986
5.27542
-6.28642
11.3087
5.20786
5.02604
6.3119
2.22812
0.60064
0.55718
2.31862
-6.98582
0.6833
-3.4575
4.8484
-3.40712
-4.57114
-5.58054
-9.3442
15.9955
4.57342
-1.08556
-2.88016
-3.04292
2.76492
-1.35334
-5.91
0.65758
4.01532
1.82928
-1.38864
0.70658
-0.99396
0.66854
-10.7035
-3.8382
3.65576
-0.7614
4.3027
-11.8253
-8.23326
-0.53126
4.1845
-5.05988
11.1125
7.49676
-5.5303
-5.25268
-2.06858
-8.30342
-7.79356
-2.1268
-5.42476
5.86478
0.92526
-11.3563
-6.1915
14.6306
-4.71608
3.82444
-5.3707
-14.1218
3.38396
-1.8207
-0.21044
-12.0348
0.1057
-1.07704
-0.65676
6.13678
-6.66636
6.09564
-2.05772
-2.26836
-3.17168
-11.3992
-7.49908
5.12596
-9.63626
-17.3862
-0.12508
8.11698
-4.12684
-3.1418
10.7514
3.3551
-6.65498
-2.28836
-0.80798
-7.63356
2.51454
-4.02984
-11.8779
3.16014
1.33706
7.13998
-0.08936
1.77186
-0.2647
4.27256
0.82746
0.50114
1.34002
6.16172
6.90894
17.7053
1.6794
-4.14352
-2.9285
0.01428
6.02134
3.33852
-0.9768
-0.1262
-3.91856
1.23334
5.62312
-9.55776
-4.41664
-1.41174
0.17478
3.33844
-9.76144
4.53624
-1.93494
5.06306
-2.64458
-4.67432
-1.92748
4.76858
-1.07844
3.26584
-2.93768
0.2133
-10.221
-3.89406
11.3469
-6.70592
3.4624
3.47142
8.81788
8.7354
6.44746
-0.75174
-9.36512
0.76212
10.2176
-2.8154
-0.7547
-2.22198
-5.58902
-4.14928
-1.42304
12.4204
1.63768
-0.17828
-3.38862
-3.7539
2.57928
6.55204
14.4297
-0.78072
-1.8108
-5.02748
-2.31478
0.61996
-7.14988
-2.03658
-4.75994
-7.40818
-8.22602
0.68628
1.676
3.02194
5.84908
-0.12332
-3.70056
7.5597
-3.32456
-2.10278
-1.44094
-5.23916
1.95786
-6.95832
-6.03836
2.35958
-4.45274
-4.62856
-0.92712
10.7752
-13.4767
-3.1183
4.15264
-7.77236
-0.04386
-0.2703
-0.0937
-1.12552
-1.48572
0.86456
-1.95362
-3.06538
-1.82372
-4.20164
-1.73806
2.44386
-3.67642
-8.71248
-6.52184
6.45338
-9.24398
2.02532
1.44778
-4.70822
-7.80168
-1.1232
1.22826
-2.83686
1.27316
0.99946
3.03892
6.26744
6.16156
-4.05166
10.3677
-1.0669
0.49074
-6.73952
-1.92192
-13.5766
-5.02984
-8.7937
-4.55874
-3.13102
0.04224
5.79512
-6.65972
-7.16186
4.57808
-9.96126
-0.9218
8.47884
-2.8148
-12.22
12.0696
3.9674
-5.82288
-1.28914
-6.70604
-7.48426
4.53938
1.46934
-6.8772
-5.25114
-6.88558
-1.584
13.5254
-0.23056
7.43778
3.86568
-4.69776
5.2056
11.0611
5.59262
-0.74638
-0.23256
-6.08882
-6.38152
1.76372
-3.33748
-1.25152
-10.0322
-2.49774
-2.49878
-4.04534
-3.26318
5.89922
-1.76858
2.94904
-8.76212
4.5189
0.89496
8.41952
5.22588
0.0969
0.58824
12.6775
-4.48424
-6.32778
5.85156
4.6114
2.22456
-5.577
-6.73844
0.91252
1.07498
-2.1458
0.52336
-2.0446
4.76346
-4.4147
5.02292
-4.77926
8.51238
-12.7792
-2.05898
-3.2629
7.64058
4.86736
5.57202
-5.71158
-10.2244
-1.3749
-8.97126
-8.26372
-9.17738
3.43828
0.34628
-4.10842
5.36582
0.99174
5.88272
7.34066
1.94622
-13.867
-4.215
6.47658
1.25952
-2.77942
-2.56166
6.92678
-15.2899
-1.9844
9.01474
0.69344
10.8795
1.32412
-5.32446
0.21742
-11.4809
-3.48554
-10.1245
8.51204
2.95006
-4.705
-2.70602
0.92538
-1.19208
6.85804
-10.047
1.50662
-10.2603
-5.34396
-2.8462
-2.7753
1.8922
-6.14642
0.49896
3.92584
-0.90686
-11.8981
-5.5249
-5.85328
-2.61982
4.00148
-6.59758
2.69486
8.73862
-2.7449
-2.38062
1.64192
5.93996
-2.67258
8.11506
-4.75436
-3.54098
7.18714
-10.6321
5.36478
2.06146
-5.01338
-0.78946
1.7845
-0.98992
-3.10216
2.67226
-0.54312
-2.04486
-10.0203
6.4502
7.90796
-7.39178
7.55104
-0.9142
6.3629
-3.08152
-0.51746
5.6377
-5.43966
0.54464
5.21776
1.86912
11.112
-2.4181
-2.84502
7.20354
-9.24364
0.11274
14.1877
1.7884
-1.21458
-1.18894
-9.12884
-5.7833
-1.97704
3.60068
-1.84458
6.09732
8.481
-5.32002
8.47758
8.35374
3.08106
-10.8554
-5.13382
-10.0797
-4.44788
11.8705
-4.72442
8.90972
4.31712
2.30972
0.44474
-9.34294
-4.13068
0.70114
-6.778
1.66982
12.2991
-4.1749
-10.9684
4.75976
-3.21656
-5.53442
4.76618
-6.44758
-5.64718
-9.37138
6.17394
3.45958
-6.61874
-1.61272
2.96344
-0.6687
9.16884
-0.76902
4.43878
-0.24176
3.32412
-5.29474
6.09738
-10.4509
-3.0195
-6.33052
-4.07646
6.46474
-1.17804
-1.18264
0.1034
-4.85776
-0.25944
-7.0484
-4.74492
3.2595
-3.72676
-5.8394
8.66028
-0.88862
0.06234
-9.85532
14.5948
-4.0139
-2.3397
2.8147
3.4975
0.99368
-0.45748
6.48798
4.76612
-7.55058
2.37346
-0.27604
-7.90492
5.03372
3.05864
6.74088
5.46142
3.65574
0.82922
-3.0846
-1.19718
1.89042
-4.04318
0.94202
2.1101
0.9713
-10.4686
-1.25002
-9.29172
3.58486
-1.71202
1.8129
-2.55598
-0.14492
-4.51772
0.95868
4.41852
2.80024
-10.0921
3.26318
-1.02242
-1.05172
-11.3966
5.39256
-2.83752
-7.94954
6.15502
-5.3496
1.44624
-6.56638
-0.20854
-1.75774
-10.3318
8.56488
1.93978
7.54086
-8.63796
-10.9515
1.52638
1.54428
6.57194
-1.72048
5.19402
-1.51636
2.63932
-8.41606
-0.21044
5.60652
-2.62132
-9.52266
15.5307
-4.27718
5.1589
2.24698
4.143
9.1727
-8.88658
5.05154
-2.6504
-1.12162
1.89144
-3.22606
1.02644
-3.5526
-3.86974
-0.20086
9.12308
-6.2776
1.83232
0.04134
1.28078
3.2454
-4.43302
6.06086
-6.8226
2.27996
7.78314
2.0106
0.8312
6.33576
-7.2706
-10.9093
-2.80698
-2.27472
0.52018
-6.50524
-0.00338
-0.88396
-0.09886
2.38116
-0.29346
1.63622
3.77624
-3.28786
1.8
3.12364
-3.06908
-3.9117
9.00764
7.6551
-2.34936
3.11472
8.1023
-3.0819
-4.33118
-8.79488
-4.4795
-7.6583
-9.28004
9.98372
-3.16196
6.41672
7.22408
0.37394
5.2252
-4.26364
7.49298
4.63954
2.8317
4.71058
-5.65334
-10.6501
2.06636
11.874
-2.78206
8.32464
9.91066
6.62542
-0.32462
-5.0105
0.5858
-6.37154
-0.85326
-3.40386
-12.9017
-4.08514
-7.85164
-5.81608
-7.92126
-0.31836
-5.11708
3.191
-6.30544
-8.61738
-1.59986
-2.93042
8.06466
7.99252
14.1044
2.87974
-0.9956
8.28222
0.96814
9.22154
4.80184
5.2701
2.2364
2.00732
-8.70968
-3.16578
6.9546
-10.2716
5.6119
0.07074
-4.42688
6.12882
-10.089
-7.1227
-2.1827
-8.09702
3.4131
-3.76756
11.2469
2.46514
8.32342
-8.84204
9.02658
5.70774
-1.52632
-11.8282
4.61062
-3.87984
9.01252
3.86554
-0.24248
1.74378
-13.244
8.72564
1.27646
1.85656
-2.92614
2.69258
-5.48472
2.33698
9.37228
5.19086
4.93108
-5.29536
1.19994
-1.77056
-3.22598
2.17012
-2.35508
13.7443
2.34068
-2.49372
-0.54024
1.89084
0.09166
-3.83332
-4.53432
-0.67774
-9.69474
-12.4786
0.7102
9.3291
4.9216
4.90766
0.79934
-6.02166
4.64802
-3.71072
-2.89964
-10.4244
-1.22224
8.20342
-9.28816
3.33432
-0.21178
4.23088
-3.9839
11.5616
0.99898
6.15636
0.73374
8.63198
2.10356
2.06334
7.42812
4.20478
-7.66484
5.15684
0.79294
5.6704
1.899
-0.90434
14.0828
-1.49866
1.90196
-17.2809
0.10306
-7.90156
1.1555
-4.87196
0.92972
-4.8538
-0.44368
-0.03864
6.21918
5.77404
4.52412
-3.44452
3.26036
8.63644
-1.16602
0.47416
-10.2604
-1.71466
-2.38128
0.73438
-8.28766
5.11928
4.30086
1.28052
-8.00644
-5.9213
4.58846
7.13748
-0.02318
6.55328
-5.80328
-4.48252
-3.38716
-1.62348
6.30516
-0.38042
-1.59672
9.76876
-2.16434
-8.77872
-8.2789
2.80392
3.6063
-4.69996
0.69598
-4.37776
-3.5293
0.08808
-3.76744
-0.67554
0.19176
6.85568
1.51444
-0.60044
-5.71484
1.18652
-4.68942
2.29202
-0.03422
-6.18518
-3.67788
-1.68376
-1.07108
9.67634
-6.82426
8.23634
8.77804
5.22304
8.16434
1.50624
0.73578
6.27404
6.00328
2.73158
-0.24806
-1.1838
16.6199
-3.07398
1.59988
-7.9706
5.7728
15.3832
-3.18584
4.60618
6.2617
6.46098
-0.35
2.83276
11.4836
-8.129
-3.99482
5.74392
9.73466
2.35766
-2.68016
4.73412
0.3575
1.57674
-5.66746
-5.06532
-3.61918
0.10896
2.96422
9.00894
3.51214
0.51898
2.40926
-0.40142
-2.28518
4.50092
4.28116
0.32766
-6.11084
6.8423
-4.3137
5.5001
-5.95796
6.47812
-5.33656
12.5454
-1.36016
2.47758
2.58012
-6.3185
-7.03628
0.75378
2.5287
-2.03254
-1.70934
-2.52442
-1.13164
1.4102
1.72548
2.54968
6.2565
-9.99342
2.64878
1.29172
0.82108
-5.82668
-6.87178
7.3716
7.879
-3.07788
-11.2328
-7.42632
3.62254
3.42946
7.11234
-3.74548
-1.23872
1.25444
-0.09844
-2.18824
-4.24808
-1.84462
2.21222
-0.93926
10.9748
5.00842
1.85762
-6.3854
2.37528
4.94376
3.73072
5.56812
2.62964
2.63182
-2.35926
-1.26952
10.5669
-6.94598
12.0565
8.97296
0.4367
-3.77636
-7.823
-7.49978
-4.66892
-1.53752
-11.577
8.59464
-8.83818
1.45818
0.39456
9.73808
6.47488
2.3551
11.0136
0.7766
-11.2983
3.64968
-4.59278
-6.23386
-1.96042
7.80292
6.29122
-4.57704
-0.8618
5.38648
-3.37482
1.58086
-5.89516
4.02352
2.97492
4.54184
5.28666
-9.7019
7.9671
15.0144
3.48406
-0.75316
-2.27098
-1.881
-1.07468
-3.68674
-2.5817
4.14828
-7.73484
-8.39778
-9.4615
2.72516
8.67184
6.0163
-1.60492
1.88626
5.62336
0.74038
-2.62278
4.0406
3.6547
0.06388
0.00236
-2.13716
7.35872
5.17616
7.91844
-3.34356
0.03566
-4.14982
-4.59682
0.1133
-4.75836
15.6275
-1.81964
7.07674
5.2502
5.6419
-2.07962
5.5195
-4.59186
4.0373
1.96268
-5.56046
0.7895
7.31636
5.69202
0.52096
-7.36194
0.43426
-1.04902
-8.1898
0.40242
-8.22958
-1.94428
-9.5831
-6.3808
-7.25868
-1.39136
-0.70742
-0.17022
-0.28588
6.70618
7.72212
-9.84018
0.24738
4.02884
11.8521
3.12812
-1.71742
-4.96532
-5.89568
1.5744
-8.8896
6.04242
-4.81598
-0.67318
11.8524
-0.44454
-2.31718
2.65276
9.9208
0.9626
-8.45822
4.67032
3.78632
9.8594
0.0145
2.19638
3.2357
4.91108
6.22592
2.03
6.2044
4.82064
0.84156
-1.65662
-3.74908
-6.25328
-12.9189
-7.2646
-8.26392
7.84934
7.19352
-2.81578
3.16542
-1.02834
-0.296
5.6259
-17.6882
1.24726
-13.5432
4.22166
2.09546
1.48128
1.23608
5.66002
-7.07004
-8.21088
1.64968
8.53308
-7.09114
4.61184
1.56278
-16.4792
1.40888
5.09878
-2.1692
-6.39206
0.4437
-8.14722
3.44574
0.2589
-0.3217
-11.4683
-9.3108
11.4343
0.99726
-6.75678
-1.64574
-2.59626
-8.98608
13.7763
-6.8379
-2.75002
-5.59906
-0.03344
-6.4822
-8.07644
-6.79904
9.10194
3.11516
6.6664
6.19672
-3.0368
8.87968
1.30848
2.68824
1.55956
5.39122
-1.82296
-3.70754
0.4972
-5.1541
2.88184
-5.40016
-0.23132
0.2848
-2.16078
3.2548
-0.78548
-3.81118
-1.35908
-1.14622
-3.84128
-1.29172
7.74428
1.46764
-7.70216
-8.70538
-1.84632
-0.52502
-0.14264
-3.07138
-6.71904
-2.4495
0.94984
0.17052
3.66822
-8.02176
-0.8752
-1.05598
-12.8513
-1.5016
-1.43972
5.36396
-6.02728
-8.19248
-1.822
-8.5787
4.23448
3.65824
3.6767
1.9215
-8.927
1.85806
-1.0172
1.83186
-1.58932
2.01072
0.12358
-9.74918
-4.26446
3.53802
3.27744
-17.7103
2.76216
-2.8817
-2.13284
12.0112
7.02006
-3.55766
-7.10512
-1.24022
-3.09472
0.29078
0.76354
-11.7102
6.27576
3.78586
3.178
-1.49994
-7.45312
2.26704
-3.01576
-5.01682
2.40108
1.22954
10.3305
-1.87632
-2.0222
-9.47544
-7.66634
-10.727
4.43694
2.98706
3.06988
-5.40008
1.98626
8.25926
-0.13654
-4.1167
-5.05452
4.93794
8.1917
-4.76936
-3.37184
1.49058
-7.5168
-0.21632
-1.41078
-0.43118
-0.15946
-0.826
5.01138
-2.4458
-0.11388
9.88038
3.32294
3.45282
-7.46644
3.23192
-12.1795
2.33192
0.67192
9.644
-7.75706
-2.2595
5.97552
-15.7436
-9.20484
-0.9235
0.47706
3.23574
2.77174
-2.90226
4.6473
4.56646
4.43332
9.5448
7.25096
-7.82886
12.1694
3.7538
10.05
4.06316
11.9058
-3.17264
-4.60644
-13.2609
-1.86676
-0.67482
1.2089
2.48392
0.36962
-4.40046
6.13864
1.98066
2.81036
-3.35728
-10.8995
4.08602
-3.02856
4.2843
-2.88884
1.14172
-11.3843
9.29662
-7.15506
8.04616
3.10528
-5.45086
7.48582
-1.90766
-1.73136
-3.79306
4.023
-5.29008
6.55478
-10.736
6.76198
-6.37052
0.65636
-8.27992
9.85742
-10.7089
1.41966
-3.43774
4.01254
3.45462
-0.9307
3.70602
-5.2671
-4.109
-2.43094
0.45438
11.5648
1.8158
-6.09222
-3.86614
9.79376
7.8589
1.54912
-2.75198
7.63006
-2.93288
8.56568
1.0397
0.07048
-10.8796
-2.28358
5.79328
3.9662
8.90516
-3.86802
10.4108
-0.13426
14.7916
9.3818
4.78686
9.43814
2.2051
-2.45054
15.0656
-7.62868
-8.04398
-4.88304
-3.08078
8.56304
1.5245
2.47846
-3.62216
-6.7702
-0.47146
10.6076
-3.01268
2.31346
3.91638
1.3093
-2.90408
-5.3543
-6.71618
-1.68786
-9.10444
-2.4299
3.29996
-2.30196
2.57784
1.6195
-14.4138
8.08692
-4.8953
-5.35808
3.20124
-8.9006
-3.23296
4.4477
-2.21762
-11.8605
4.1928
1.4046
0.14144
3.08308
-3.06924
0.76296
-3.6367
1.27358
13.6787
-4.79518
6.70844
-3.5159
-1.82812
-6.4722
3.53042
2.56348
2.88098
4.3164
-0.79342
8.33568
0.67056
0.50572
-9.62838
-5.30152
-6.46118
4.07876
1.48632
4.44802
-6.12952
-8.42948
1.88056
-4.58768
1.8961
-5.5155
-1.40514
-0.62128
2.23806
1.98506
-14.1961
-6.90488
0.70962
-0.08714
2.65814
10.874
-8.33816
-7.05622
5.1806
1.71718
4.56358
-4.76602
-4.4404
1.67364
2.17756
1.75684
10.3119
-9.06856
0.65776
4.81228
2.3799
-2.95382
3.59876
1.30978
-5.82996
3.30788
-4.07044
-2.25188
-1.0674
2.52208
-3.17556
0.0272
-10.1742
-3.60094
5.74914
-0.30464
0.9429
2.04086
7.3386
4.74044
-16.0196
-1.52658
9.4668
-0.08614
5.0499
4.87332
-9.70422
4.7269
-2.68678
-1.5676
6.39172
1.74872
12.7566
-1.58754
-7.5332
1.51896
-0.59328
-13.9932
6.48704
4.01486
6.46726
-5.59984
-1.68284
-5.53538
-12.7003
2.08394
-5.61468
-0.65756
-2.8223
-1.41392
-1.70272
-5.50216
5.3916
-9.24382
8.5655
-1.42266
10.1333
-3.2055
-6.72062
-3.78188
-8.14284
-2.85428
0.90336
4.45444
4.20686
0.99734
8.15336
2.27362
4.84212
10.6301
5.67394
-3.0743
0.66846
2.50112
11.5058
-1.03224
-14.8274
-4.16606
-2.4401
-2.84352
3.4217
-8.23
4.30348
-1.06514
-1.5778
-5.1624
-5.53944
-2.80694
-3.39884
-10.1403
2.67628
-1.6809
1.61884
2.90736
-9.18056
1.8528
-1.53688
-7.7226
-12.8011
4.21834
-5.45718
-6.14924
0.32032
-5.58052
3.25554
-0.23776
4.17164
-1.7908
3.94488
-0.0325
4.44038
-8.13396
3.51214
10.3063
7.23356
0.52676
4.47396
-2.94214
-6.98862
7.5405
-5.34772
-0.55578
-0.8404
2.62102
-4.92538
-6.61524
-6.29866
-7.41318
0.41884
-5.92528
4.78864
-6.30372
4.24714
7.19356
4.90376
-1.31792
8.9044
2.55264
-2.2559
-12.8326
0.61532
3.43214
2.59098
6.82708
-1.46924
-9.02662
-3.05896
10.2952
13.2241
-0.33202
-4.53938
2.05316
-10.9651
15.2677
-2.66186
2.90914
10.5024
-4.3762
1.60642
10.6997
-9.86692
-1.22316
0.99482
5.9504
-0.28288
-12.1268
10.3694
-9.49904
-4.78314
3.5848
7.1956
2.69144
4.11238
1.43934
5.06112
-2.91962
-3.071
0.49236
3.48822
0.2693
-0.02216
-2.2818
-0.95256
5.46022
-1.59094
1.8866
0.80166
-2.95454
3.706
2.2657
2.50972
-8.12244
2.50618
8.18074
0.59166
4.75336
0.8581
-4.48312
7.0703
10.0827
-9.47076
6.8968
5.4958
2.24038
4.48806
2.4867
-4.65038
-0.41486
-3.9779
-2.7446
-12.513
-10.2609
-11.0504
1.8358
1.33112
6.51518
9.11676
-1.2818
-5.8062
1.245
-3.87726
-6.30754
4.88876
1.77138
-2.8092
-11.7148
2.43776
1.58328
-8.733
4.02722
0.73016
-6.42686
-9.998
-2.8173
-0.92862
-2.76054
2.26686
-1.6273
1.76798
-5.08474
-7.26632
0.06412
1.06954
0.2009
-5.64446
10.8467
-10.3588
13.8322
-0.59892
-7.5027
0.4976
-8.50644
7.87282
7.02974
13.3255
1.81378
3.87856
2.03004
2.10756
5.17082
-3.1863
0.65714
-1.82276
-4.32546
-4.82054
-3.819
-0.38974
-4.38618
0.6126
-2.384
-0.92008
-10.5492
-5.44874
-3.64142
-0.07764
-20.4004
4.37306
5.89398
-1.82152
-4.03222
1.43748
21.1332
7.62948
-0.34004
-10.1733
-3.56554
12.7678
1.7277
3.16678
5.53032
-3.28266
3.88024
-0.4888
-6.78596
1.28754
-11.1032
5.55352
5.89492
5.74462
4.8829
-2.53442
-9.21314
7.60614
4.98318
4.2701
11.2675
-6.68474
-5.50206
-8.19826
0.28212
-4.87556
-1.97284
3.36998
-5.54312
3.86034
-1.82098
-1.45226
3.14308
-6.738
-6.35312
-5.21074
13.5951
-0.13896
-9.26498
0.55014
-4.45956
0.94614
-10.9338
4.3253
8.67378
1.52714
2.05006
-6.97674
-12.1532
-6.32328
-2.6423
-0.3201
-14.4238
-6.25462
1.19898
-4.69902
-3.70082
14.0262
-0.49464
2.47508
0.10254
0.9404
-4.47316
3.49228
0.42296
-1.33332
2.89102
4.90234
2.2779
4.92946
5.20354
5.60332
7.1367
6.41806
-5.32318
-14.3587
-0.7694
5.22086
1.59704
3.95948
-13.5174
2.60658
-5.08622
2.53042
-2.84132
4.29042
1.68796
-4.80236
0.51768
7.34204
6.28888
2.63128
-0.18288
-2.41138
-2.16324
-4.49366
-12.7582
1.56494
-9.02708
0.41072
7.7196
-6.19454
1.28882
3.42128
-8.35778
-8.73078
7.64278
-3.11702
-3.78314
11.9832
5.94268
0.92418
-0.34456
-13.0822
-5.32856
-0.42638
-3.54356
-1.2219
-4.8106
10.328
1.52242
6.02892
-3.81726
6.25286
-5.3548
4.57136
5.46038
-1.52332
2.25166
4.90504
-6.03486
-0.29368
1.45734
-11.4735
-0.3344
-3.38978
-7.49222
1.7519
5.64754
-11.5934
-6.66572
12.6754
-1.50718
2.3043
4.08554
4.60902
3.6068
0.63356
8.19124
-0.22692
-9.16796
4.2345
4.17174
-1.9665
10.6857
0.57614
-1.8512
-2.66866
-5.95226
-3.60936
0.94834
16.7169
-0.47098
1.41178
5.92652
0.13594
4.82018
-1.84294
0.13734
-3.66214
0.24046
-3.73106
-3.22674
6.1704
0.19338
-14.0321
8.75032
-5.96048
1.60186
3.59636
-5.17402
5.99172
-3.04522
3.68474
-2.3344
0.36452
4.87184
-5.64984
-15.8631
-5.41202
-14.8409
1.54562
4.50054
6.00958
11.5328
5.16382
2.9462
0.69762
-4.4087
-6.55226
-6.73112
1.56624
-3.35682
-0.61718
2.54534
4.04666
-5.64786
-3.50372
-1.00632
4.5192
0.1951
-12.9918
-7.39912
2.35868
-3.79584
0.53342
-6.75342
5.37938
-8.91812
-10.4489
-5.24446
-1.4018
6.15304
-0.64286
1.58512
-7.52942
-2.4073
2.88654
5.74086
0.36858
5.01196
1.0824
-5.1353
0.48432
2.9468
-0.96266
7.6103
-4.53624
-6.90612
7.32978
-4.11994
5.19584
-4.62012
7.25496
-3.43698
-5.3429
3.11898
-6.98188
-7.38828
-8.92222
3.66784
-0.47528
11.7284
3.70274
5.99236
4.79644
5.92308
0.12724
-0.5119
0.16714
-8.20254
8.3683
1.47606
7.7823
-4.50988
-5.5573
3.27294
-3.88022
-7.24606
14.9284
1.28034
0.62256
-7.2431
-2.92236
-0.53024
-8.429
-11.8735
3.98826
2.27476
-3.86396
0.57498
-6.25586
3.95378
-0.9059
3.94136
-8.63626
8.34422
-2.87384
0.42982
-6.00106
7.67366
-3.76252
-0.5346
-3.66414
1.12436
-6.66978
2.70968
-5.28028
3.50424
2.2145
10.9541
6.26876
6.1103
-8.98398
-2.79934
4.54916
-6.87632
2.03776
0.8739
-3.15494
1.24688
-8.0943
3.03908
-3.3856
-1.07382
0.85438
-3.11188
-5.2178
0.85054
-5.18454
-2.98848
-2.60824
1.42768
2.55802
-2.1375
1.60244
-7.25454
6.88776
7.7703
-0.44218
-3.11398
0.01412
-3.02452
-4.58906
-2.36284
-3.38598
-9.00134
-6.49122
-2.36356
-3.73054
3.42132
9.26984
15.3056
-3.12506
-1.84258
-1.33794
4.20562
-2.556
-1.11288
-10.5684
4.50874
3.94278
5.45546
4.25966
-8.68648
-3.02954
1.14306
-6.04396
-2.27856
-5.18428
-8.37658
-7.0481
-0.09806
2.40502
-4.11054
1.50816
7.24036
4.10056
-2.72182
4.75076
-11.3303
-7.5282
-0.78512
-3.69724
-6.91742
-0.94514
-0.93972
3.6167
-1.20402
5.12538
4.1493
-5.93846
2.15652
-3.56012
-3.73104
0.4774
2.0761
1.22772
3.73304
0.05124
0.35068
-0.44044
-3.84392
-10.5382
1.6527
-0.95206
10.9037
1.54632
-0.0162
-3.42356
-4.1188
-14.651
2.67706
9.52362
-6.24084
-3.54586
-2.58298
3.74694
-2.1977
-0.57824
10.8702
-14.902
6.98812
7.5962
4.9547
-0.16844
3.86596
-4.0853
10.6645
-4.60728
-1.88798
7.86362
3.83332
-0.29222
10.9583
-4.41112
13.175
-0.35284
-4.43848
4.36632
-0.84926
-2.13386
3.83332
-6.55716
4.49974
-5.18712
-7.98826
2.2249
-9.09934
-9.3581
7.3378
-4.14722
-0.4147
-8.34818
-1.103
0.26508
-9.37142
-8.43872
-4.12032
-2.75174
-8.62606
5.36578
9.51216
-12.6111
-4.27224
2.82042
3.87606
-8.69796
13.2374
7.6079
-8.77446
6.40638
-3.2873
1.99932
3.57208
10.7755
1.978
-18.3485
-12.134
-3.59374
-12.7906
-2.63098
8.71406
-4.60096
6.12608
11.8399
-0.69068
-2.30758
-2.97592
7.0577
-2.13258
-8.41426
-0.9586
-0.34574
-4.46158
-1.17558
-0.40744
-0.18616
2.09342
-3.44886
1.75172
3.68308
2.9355
8.15322
-5.04492
9.25996
-6.01222
13.4895
7.16364
1.4676
-0.80056
-2.6048
-2.64404
0.77534
-9.0801
-4.65554
-6.06844
-6.39806
6.75762
-1.13982
-10.1968
8.94602
10.4642
-2.47198
0.6434
3.78888
3.4229
5.19354
-5.65372
11.2513
10.7089
-9.29456
-3.72168
-9.83108
-6.29756
-5.27548
0.5512
1.68144
-10.7498
0.86794
0.94882
-2.78978
0.35058
-7.61806
11.4743
3.0963
-5.72838
-5.28504
1.43258
-1.32582
4.69468
-1.68834
7.8765
-6.97222
1.55004
0.70336
3.43758
-0.8139
-5.45874
-3.1123
-3.08626
0.23762
-0.50748
-7.70952
1.39384
2.66896
1.05602
-3.34478
-8.8827
0.59808
7.1547
10.9433
5.931
6.05538
11.4451
-8.6616
-7.75132
11.5205
7.72166
0.1749
0.40498
2.17502
-3.70482
9.4464
-3.35494
-11.7385
7.87852
4.53846
13.7409
4.6477
7.40548
3.69162
1.00348
-1.69354
-6.15132
5.66992
-6.33064
-0.42286
-1.22676
14.3423
6.39924
-3.41818
-4.09228
3.0123
8.81616
2.78882
-2.4492
-4.27966
2.69252
-2.41424
6.85742
4.88276
3.13202
-2.16328
-4.11374
4.12256
-0.32196
5.39968
0.0704
4.67224
-7.5133
8.90192
-4.38176
8.82768
8.286
-1.67644
-3.72766
-1.0683
12.6946
5.79924
-1.10576
1.30748
-9.2726
-6.47114
5.26014
-8.17548
3.61578
-3.637
2.15628
0.75932
3.9973
0.51154
1.64308
-6.13608
-7.95068
-10.5003
6.03336
0.65854
0.33014
5.63346
-1.43554
7.20858
-4.60592
-3.9392
-9.7331
-2.96432
2.07896
6.28728
-4.91588
-2.76792
-1.41492
3.86202
-2.46062
5.31248
1.91228
9.8638
3.5761
3.53174
-7.38968
-14.014
1.9407
2.7884
-4.3971
-1.91954
-6.60036
-1.39642
-9.8354
-0.22458
7.92814
-1.97254
9.9156
5.45144
-0.12206
5.8731
10.5558
-2.79206
7.95012
-6.0998
0.2084
-2.48854
-3.70152
1.48236
1.61166
-4.54926
-2.65852
-7.72206
9.40428
7.73434
2.1642
-6.62708
-0.40618
-4.6633
8.90352
3.64926
7.16174
14.1428
-1.88382
-6.37368
0.4485
-9.3379
0.19496
2.22444
-7.87654
-0.293
-8.97082
-1.6927
-2.43554
2.13908
-1.24136
-1.40976
-6.20956
6.54754
3.2142
-3.07378
-3.99206
3.1294
-4.19968
-0.57448
0.56132
1.6444
-1.38468
4.30204
-0.64444
-5.01572
-1.61326
1.14296
-6.05322
15.3096
-4.17528
-2.78348
3.66238
11.0151
7.9972
5.69236
-8.00308
-2.33182
0.98404
8.68892
-6.43418
1.87622
1.04706
-0.90684
2.63822
2.67414
1.38806
-6.97052
-0.12126
3.1558
-3.84102
-0.77878
0.7579
5.94492
1.50508
8.27796
-7.25852
-6.05858
-7.13214
-5.49794
-2.72562
-0.4114
-8.03884
-1.88824
0.30564
7.22054
-1.7902
6.5165
-0.66572
-3.38784
-1.509
0.54116
5.153
-1.48558
8.82664
2.2287
5.93956
2.48712
-7.5924
2.88876
6.56116
-3.04222
2.95856
-5.39874
1.38948
-3.44866
5.51518
1.32682
2.08896
-7.93124
-7.48122
2.72722
5.94764
5.43278
-1.74374
4.757
-2.46902
-0.10224
7.16014
1.57662
-4.0044
10.9507
0.14842
3.55524
2.1124
0.00642
2.31422
1.42762
1.76562
-6.60606
4.59156
-0.51222
-0.0809
5.64364
7.02242
3.29772
3.33364
6.39202
-5.16404
11.4769
3.13578
-1.45872
-9.0434
-0.321
9.50152
4.14098
0.4257
6.52458
-7.18602
-11.946
-5.40646
-2.39566
-3.98624
-5.01838
-2.3652
-2.71358
-1.0831
8.31102
-14.7684
0.07034
-3.12798
9.3525
3.32242
-4.51808
-3.9184
0.08804
-0.76794
-3.11818
1.88932
-7.127
-1.74816
7.6174
-10.3562
1.565
-5.41882
-5.60574
10.3375
-0.76914
-11.4545
-7.395
4.70274
-2.85494
-1.97868
-2.0789
-0.11212
-2.32142
-2.0141
-3.06552
15.7423
-3.1922
3.76376
15.7592
5.65902
-11.3119
-2.14592
7.00892
1.88298
-1.41874
4.6361
-0.14428
4.28958
11.6479
-0.4313
-6.71988
-0.8577
-4.28294
5.52598
-3.7152
-0.49882
9.77964
1.74598
7.02234
-2.7316
3.10384
4.7123
4.1397
11.7254
1.717
-2.8155
-8.9569
3.58616
-5.4318
1.06768
11.5415
0.57764
-1.53186
3.5895
1.92544
2.86002
-4.237
-3.82552
-0.02424
1.71036
-2.67356
2.98714
-1.79286
9.04252
8.10572
11.6287
0.47138
3.15432
2.3798
-8.76334
7.4331
3.47174
3.76734
-6.80892
-7.9354
-5.37506
8.19686
-8.301
-5.6647
13.4732
-4.01656
7.7004
-2.24364
-4.9624
-8.52572
3.66116
-3.58886
-0.9732
-8.80664
6.72728
5.86914
0.00238
3.41892
2.5939
-5.32924
7.8184
-3.82498
6.95056
-9.55284
-5.0207
-1.1859
4.00016
-4.84874
-2.38884
-1.03076
3.6266
0.80952
1.9937
10.2365
0.54268
1.93832
2.85164
9.46404
2.03066
4.75704
2.80792
2.02166
-2.46376
-4.42266
-6.84978
0.10038
2.40348
-6.27626
-8.74458
6.27094
2.44986
11.0858
-4.18502
-5.98548
-4.02278
-2.23222
2.3481
-6.36666
-8.09326
2.88392
1.4011
-0.27056
-1.49956
1.96338
2.56092
-7.56978
-7.86788
-8.54386
7.87018
3.53794
1.68336
6.23044
-5.33588
5.47806
8.24262
-2.55362
0.0696
-0.22402
-2.97092
-2.80166
-1.88934
-0.34946
1.55732
-8.23652
2.13406
3.17264
1.13612
3.26156
-5.43674
2.59556
4.44076
-3.56136
-1.29612
-2.52252
-1.34564
6.17982
5.35102
-1.51302
-0.35756
-6.95456
-2.72538
1.3102
-1.5006
-2.0012
-0.36378
-8.07944
4.79692
10.7729
-6.1221
2.86158
-0.12108
-2.03438
-3.08148
5.60116
11.631
-0.27548
1.71786
-6.20972
-6.2296
4.15768
3.42654
-1.53632
-5.43744
-6.83034
-0.99264
-0.68238
-9.58102
-2.4868
-0.19288
0.41054
-2.44554
-4.27596
-7.4505
-10.6112
2.82598
2.77832
-2.95404
-0.9044
-13.8048
3.7638
-11.7691
4.15434
-8.78252
-5.02362
-1.4382
-10.0921
-1.6844
1.99992
-4.02084
6.9174
-1.02454
-0.8645
4.184
-11.6198
2.49286
5.67186
15.5701
-2.6878
3.39474
-11.9267
-3.053
4.46586
5.4867
-4.65966
-4.56074
-3.50758
-0.13208
-7.85746
3.77066
-1.7676
2.69514
7.2189
0.2268
12.8139
-4.11514
0.52048
-11.4475
5.07208
-0.48738
7.06266
2.28018
1.23482
-1.78726
8.13066
1.85788
3.68298
-5.71568
-0.39974
11.4105
-8.29304
1.70986
4.2507
5.18304
4.26898
-1.2559
4.02624
1.69602
2.39512
1.73792
-0.22316
-2.6039
-0.89488
6.55034
0.11726
-2.92282
-7.04404
3.22478
-3.11264
-7.78402
-6.47982
0.09762
4.27712
6.36298
-4.6054
6.55494
-1.878
-0.06532
-4.6241
9.31962
5.22642
5.50666
11.8062
0.3493
-7.8781
5.98284
1.72136
0.2527
6.85554
-4.04806
0.4253
4.17466
-6.97154
4.01804
-3.77074
8.17258
-12.1115
-9.49082
6.21408
-4.68526
-2.21922
0.0664
-3.48436
-7.27802
4.34174
-5.24802
-10.2987
4.0793
-3.55576
5.20714
2.0884
-3.59366
3.32552
-7.85556
8.40008
4.69252
-1.45084
0.88926
1.77042
6.30182
1.8294
5.24334
-1.71594
2.68862
-5.06008
-4.77784
5.69716
6.19158
-1.10312
3.7551
0.68868
-8.8376
-3.26438
7.45936
-0.3219
7.64668
2.41352
8.1544
-0.95128
-8.73274
4.71844
-6.91158
5.62842
-3.45128
0.57284
1.49024
7.7861
-2.43428
2.50532
1.7756
-3.90352
9.66742
4.8441
-3.40618
-1.7513
-0.39418
-6.3312
2.03144
-6.3539
-8.21106
-1.37952
-3.86138
-7.33132
3.6071
-2.0232
4.60448
-2.46082
5.89664
-5.50274
6.1438
-8.75084
-10.0826
1.4453
-4.58078
1.59672
13.5009
-4.7448
4.94236
-1.05486
-1.60952
-1.02674
-8.6447
-3.77152
-0.55258
-0.8222
4.25728
-6.27554
1.03864
7.41382
-4.1066
0.55452
5.38246
-6.6558
-4.4867
-4.21994
-2.31706
1.38638
-7.12078
-3.72726
1.6903
-2.7824
-0.24532
1.38758
-12.5378
11.5275
-1.3507
9.40948
4.71786
6.88212
1.72822
10.6096
4.67938
-7.97632
7.02286
-7.33038
-1.27634
-4.95632
7.64696
-4.26922
-9.5299
-7.45638
1.87442
7.35394
2.4621
-1.22668
6.87456
-8.09038
3.77708
-0.91772
-2.70732
0.82538
3.26824
2.91674
4.0562
0.29714
1.0272
-3.86158
0.97702
-3.25486
4.35718
-0.09502
1.56552
2.17438
3.27454
-1.33802
1.23128
2.58438
2.20914
-12.9141
-1.26422
4.0271
-8.4282
7.76024
4.25842
-1.71674
-1.57208
-8.82954
1.49368
-1.08366
-0.93898
-7.87344
0.91096
-7.91356
4.63718
-3.58708
3.89556
0.61712
6.64278
-1.3931
-8.83428
-0.08912
9.23636
2.28422
-12.2003
-0.43188
9.7389
9.29368
-0.91106
-6.27132
-3.7907
8.6718
-6.0248
-0.06566
-3.70372
2.2303
2.05972
3.19314
9.27004
0.26132
-6.82016
-2.00002
4.38026
8.46798
-8.99262
2.0595
-4.26926
4.39548
9.22618
-1.87862
0.99622
-6.73086
8.05034
-0.0489
4.04624
6.64136
-3.44082
-4.36476
-10.0756
-2.13582
1.5663
8.54598
4.90912
-7.60536
0.22826
-5.34958
3.53116
-4.80648
0.50146
-3.38664
-7.66026
1.60356
2.1585
1.08616
-3.2204
-4.52254
2.55216
-0.26338
-7.984
4.47506
4.40642
3.10548
-1.26152
0.7169
-0.65982
-6.83464
7.83806
-6.21588
-1.16344
-3.34126
-4.39436
-8.1322
2.38518
4.37662
1.24108
2.71586
10.2252
-1.05162
13.1433
-4.06786
-1.08234
-5.51404
-6.43124
-0.3805
-9.3995
-0.83166
8.3702
-6.61378
-0.97312
-3.43208
3.19998
-1.02152
-0.40938
0.40816
3.14146
6.39584
5.15392
0.7716
-15.4797
-3.94548
-1.71724
-8.47684
-12.8422
-5.08522
-0.17394
5.55104
-0.2334
-0.57962
3.88108
4.6139
6.87438
-5.58992
-9.14124
-4.13988
-2.79774
5.88252
9.0208
4.51706
0.32176
-2.8627
-0.07966
-6.63786
6.83908
-4.72348
3.10762
5.84878
-0.09492
-2.29438
1.22274
-5.8417
2.37134
3.44038
-1.7701
7.7958
-2.33366
-7.4083
-8.03124
-0.8326
1.06458
3.36018
1.60116
-2.69026
2.50576
-12.4306
3.53846
-11.9472
3.75682
5.34946
-2.9307
7.47448
12.6957
-4.71394
2.9488
-0.58064
1.35892
4.2837
-1.73928
1.24002
-1.87376
-0.6235
-11.3317
6.71234
0.08156
-2.29354
-8.21196
3.96598
0.12892
9.27482
-2.01492
-4.17786
12.8889
-2.94746
5.92252
4.13922
-10.2658
0.49118
-2.37884
-3.97664
3.30742
2.7563
-1.32064
1.6208
0.14338
14.1344
-1.86404
8.0118
5.00812
5.75712
-3.84208
0.04598
-1.56534
-7.55832
-0.60802
-0.10766
-1.59284
-13.1589
9.53232
-10.951
3.23372
-0.03594
-3.6009
-7.11452
4.27286
-3.58552
-4.65456
2.7525
-2.52974
1.6713
6.52142
-0.32684
1.52406
1.30736
-7.43994
-0.52822
-0.01054
5.04576
2.23324
2.6617
-3.85554
-2.13492
2.30098
-2.31562
1.38724
-10.3371
-3.18162
0.683
9.0805
-0.13148
6.13956
3.40134
5.10516
3.668
-1.44798
-9.19362
-4.2687
6.92398
4.19332
4.60392
2.629
5.47326
1.73698
-3.23106
-1.43936
-7.37482
-13.9764
-5.85054
-1.98222
6.74546
-1.91642
-10.9468
-9.87548
-13.2341
-1.43376
6.23764
4.44578
-2.86164
-0.66738
-1.82128
3.49938
-3.26322
-4.18978
-2.24244
5.57046
-1.47162
4.8626
-10.6797
11.6885
7.53722
2.13854
-2.4384
3.08344
-2.06244
-2.71414
-1.03
3.25122
-1.80806
-3.7423
3.39006
-7.41836
-0.54018
-1.49232
-9.72524
0.19828
-5.82746
3.58858
-14.5806
4.701
7.0247
2.13226
-2.76098
-0.71788
0.2435
4.6229
3.70092
-8.52894
-2.88152
-2.51402
-0.29262
0.58444
4.808
-9.82164
-2.43588
-2.06374
-3.05028
2.26322
0.63324
-3.07328
5.63636
0.97722
18.3631
7.03268
-14.1343
-3.7348
-3.38688
1.7814
-5.9718
-5.77772
-2.40272
3.23832
-2.91776
7.83132
2.54346
10.6353
-2.37606
-2.40274
2.59776
-0.87076
3.63762
1.557
-3.54254
4.79702
-9.48008
-0.37316
3.65132
2.21126
2.24566
6.51808
-2.8575
3.24404
-0.13372
-10.0966
-7.73384
-9.28014
-1.2634
10.8721
1.62928
1.97176
-0.64828
9.14724
-0.42634
1.44574
-10.0272
-3.85176
1.92834
-6.49742
2.09692
-4.24988
4.10658
8.92756
2.08842
0.37428
-4.04124
2.23792
7.40446
8.69408
8.33188
5.9809
2.09064
3.26148
-6.38682
-2.49174
2.74408
-8.27438
-1.3526
-2.52842
-11.7818
-2.23836
1.97726
-3.72722
0.7024
7.7866
3.92428
-1.74082
1.67932
-4.95894
7.64232
-10.5842
-9.05422
-6.13722
2.7436
10.1081
1.10156
1.9369
-6.59406
3.6386
4.65166
9.93852
8.60108
-13.4026
-3.04034
-4.30336
1.90168
10.2832
6.42906
2.87652
-3.7924
1.63506
4.89976
-2.87182
10.0647
6.6143
-6.3732
7.01414
2.89846
1.24838
8.38936
4.83186
1.51482
-1.77818
7.78156
-4.62996
1.2706
13.2497
-4.96314
14.0958
-2.14484
-9.48958
-5.0571
-1.0671
-0.03952
3.7287
4.26022
2.74014
7.08016
-6.4643
-7.42098
-3.57222
4.00866
0.0646
-4.10864
2.89882
4.66714
-3.65172
1.7658
-5.56036
-5.0897
3.34138
10.5855
-2.1835
-6.8933
-1.5588
9.45466
5.08072
-7.4528
-5.90846
-9.0593
3.156
6.361
6.62006
-3.31144
-1.87404
-0.15918
-12.1754
0.25692
-1.0006
6.40702
-0.22866
-4.81546
-4.0539
1.17428
5.4758
-9.53638
-2.93576
-5.57064
4.5247
-4.25942
-2.70584
0.44606
5.7179
-4.46012
-0.40038
-5.58368
-1.92708
-1.0361
-4.65714
3.58492
1.88472
-1.24768
-6.57758
1.1313
3.92322
-5.8389
-0.4746
-0.31578
4.4757
0.2341
-3.09562
2.02078
-2.8864
-2.29404
3.88348
-9.00878
2.55084
-7.1948
9.18686
-4.7399
1.47522
-3.75602
-2.91274
-2.08874
-7.08992
2.26246
-2.31974
-9.35118
1.28926
4.09266
-4.22954
3.37994
0.32546
3.9472
-8.06434
-0.98916
-3.9638
2.32392
6.06714
-0.31238
-3.17746
-7.08226
7.54582
-1.12184
-5.44678
-1.37814
11.8203
-0.0708
-8.03238
-4.29456
12.9613
5.34336
-4.82864
0.58834
2.55062
6.47474
8.12124
0.16342
3.7061
5.8168
7.25876
-0.10698
0.57172
0.5251
4.59748
0.82752
5.62096
-0.52248
-1.33662
-7.48404
2.09804
10.5464
-2.38192
4.29114
-1.38332
-5.96704
-6.52028
-11.6444
-0.18476
2.45266
-2.84972
-4.85042
-6.5818
0.97456
-3.88526
-6.83266
-3.287
0.83666
2.84432
0.46622
-3.49722
-2.02896
19.469
-2.19722
-1.34582
-11.4931
1.88086
-9.16358
-0.01978
1.91962
-4.07226
0.60292
-3.16112
-7.69454
1.7732
4.29284
-6.39214
-6.77984
-2.11974
3.43754
-3.20132
-0.1035
-3.48356
5.54142
6.0077
-3.93494
-4.378
-1.5719
7.51422
13.5038
-1.90516
5.3269
9.20346
-3.53456
3.29662
-0.81134
-6.82742
1.93608
6.2865
1.57678
7.83118
-4.89004
0.48174
5.8967
3.98806
5.0835
-9.80184
13.5551
7.39542
2.75872
-4.39284
-3.10462
-3.66644
-1.32754
1.03846
17.3228
6.50454
-0.07744
-1.61292
6.4445
7.3507
2.44684
-6.34046
-8.11082
-2.4071
10.3945
-5.15478
-4.29862
10.4108
9.60864
-2.61068
-1.70052
-1.7398
-17.9129
9.21484
5.80006
-5.03272
7.10376
9.97168
-5.16124
-3.29984
0.0098
-7.31446
0.19438
4.58382
1.26916
13.4912
-2.46606
-3.2043
1.17708
3.00738
11.4774
4.99996
8.60744
0.15126
-9.62578
6.8177
-0.65148
5.53996
-7.98912
5.6492
2.8527
-1.79028
10.1561
3.83694
-4.73118
0.16422
-15.3233
-4.6188
-2.7337
-1.51902
-0.84752
-6.67438
12.0959
-7.05856
-7.89026
-10.2714
-7.2278
-0.78208
-1.2972
8.08394
-4.24792
-4.89588
4.09508
-0.31228
0.28368
5.24254
1.99942
4.5259
-11.3988
-3.75836
6.97522
-3.74198
5.94168
0.65228
-6.49196
7.38564
8.5155
3.52082
6.91308
5.88808
-6.63226
0.92454
10.8387
8.48706
4.93682
3.47192
-4.08826
-6.01378
1.39258
-7.82228
-10.8865
1.79002
-3.18872
-2.31512
0.52902
9.69262
-0.5782
-1.8412
-12.1537
4.2519
-8.76898
0.73132
8.26408
-3.0499
-12.5068
3.00524
2.84606
2.58976
-10.1649
-3.05948
-3.77608
8.89698
-0.83868
-1.57024
-3.44842
3.20498
1.16002
6.85696
-6.9399
-7.24502
-10.4995
-4.73328
7.6433
-3.77854
1.25822
-5.81816
7.71546
0.83922
1.0174
12.4502
7.27438
-3.22714
-0.20828
3.08874
-8.445
-2.41462
5.35804
-3.32758
0.20486
-8.51734
1.6005
2.49438
1.42782
6.37688
-4.34768
-8.2514
-7.44264
-3.11232
1.91434
2.27788
4.12938
-4.3365
5.93432
0.54968
-0.14718
1.6247
-1.98096
12.3228
2.57194
-4.32738
-7.50152
4.29814
-5.25734
2.90884
0.5888
2.58594
4.03566
0.63804
-8.9682
8.41056
-2.75112
0.35932
1.69292
8.31292
-0.28378
5.15488
2.11642
-6.58622
3.70558
3.27634
-1.30182
6.40184
-1.83284
7.80982
-11.6757
-3.26916
14.7335
-0.3874
-3.23428
-4.95548
-6.78656
0.65028
-1.62932
1.72702
5.25714
1.25784
0.99578
-0.26486
-0.7518
-9.35194
4.4357
-1.86668
1.33404
-0.98846
-10.4749
-7.56892
-4.85728
-14.3686
1.78368
-4.24542
2.18762
5.65012
-1.65682
4.334
-0.29954
2.39494
-2.7767
0.21862
10.8293
-5.68056
0.8102
6.08856
3.02568
-1.06628
5.75986
-0.27562
-0.12536
-5.27412
-9.82628
9.46778
9.58764
9.75532
1.7173
0.03474
1.5258
-8.51234
-9.33112
1.68334
-3.04506
-2.25412
2.99398
-7.74294
7.63396
2.21886
7.34234
2.32382
-0.42432
2.44438
0.82932
-4.68934
1.24242
-1.91344
1.8195
6.6717
-7.27882
-3.07174
-2.21154
-0.30134
2.46758
-7.19676
-3.22646
6.70382
7.51942
-3.0048
4.82482
-1.82536
-0.4126
-7.33136
-3.33666
-1.0103
7.75306
6.98612
0.97596
-0.46766
-0.2924
5.34944
-3.83978
-10.4211
1.06084
5.21774
-5.18842
5.34988
-1.24728
5.22842
-5.64422
1.73442
9.10066
-0.04262
0.04436
6.59244
2.51076
-7.45506
-0.2121
-3.99896
-9.24212
0.60756
-1.00572
6.14094
3.04556
3.1047
-3.61432
6.22014
-3.6142
2.18854
-8.36976
1.088
2.22188
2.42066
0.10282
-10.7442
2.65514
-13.0119
1.63474
2.86934
-5.36324
-3.8379
2.56674
-1.5622
-10.3533
4.29312
-10.5283
10.9934
0.45968
5.50872
5.61802
9.18864
1.71064
1.2705
4.23626
-2.70506
-5.15058
5.97432
-7.81706
-3.53728
-5.9635
-6.43632
-4.76722
-0.53538
-5.95292
-3.27756
2.86328
-0.05354
2.52742
2.95162
2.77236
4.27584
-11.6433
-1.91098
-2.48956
5.88832
6.54764
5.37384
7.11128
1.1429
-2.74106
-5.06734
-1.3491
-6.09086
-4.88112
-4.8985
-5.75896
-1.18586
7.05464
7.3892
2.4465
-0.48168
-3.90484
7.14252
-0.45352
1.28196
6.55854
0.63646
-4.6483
-6.89216
-18.3208
-0.19556
-9.79906
-1.7165
5.66444
-0.76306
11.2168
-0.0421
-14.0162
5.94572
-5.17738
-7.22756
1.8777
1.35028
1.3529
13.0476
-2.15486
-2.09812
0.46664
-0.1113
3.26372
2.2188
0.72594
-5.94258
1.16282
-0.7901
5.04826
-2.20812
4.14958
1.69542
-5.40062
0.8551
8.63482
-5.61898
-1.76274
10.2986
-2.46414
-1.26174
-2.70136
6.02914
3.25004
-2.23074
1.5577
-0.382
6.81994
-13.1093
-3.61174
-8.57778
-4.64498
-4.7174
10.783
4.40822
1.815
-0.15544
11.8293
0.2611
-2.0413
8.9096
-3.16606
10.1283
0.62816
2.29246
0.6162
9.71666
-3.91334
8.2089
12.5397
-1.93934
-6.4444
-8.27302
-0.56084
-3.43638
-2.42988
0.10192
-6.29604
4.52044
10.4312
-15.725
-9.94746
-5.1617
1.9811
-2.84094
4.71332
-2.45616
3.56232
2.36526
-4.24554
-6.13748
-9.2096
6.10718
-17.2769
2.4049
1.13498
5.9245
2.68856
-5.466
2.8823
-1.82418
-1.88328
1.61572
10.6323
1.8119
-8.5155
1.51536
-11.9808
5.14214
5.01018
-7.09674
-1.72996
-3.3027
-0.9894
11.4965
4.83846
0.37164
-2.18578
-1.3188
6.34708
-7.05352
2.88402
11.1828
-4.04956
13.3319
-5.47042
-2.97288
1.63578
2.23162
12.8377
17.3058
-5.75948
-2.04012
-4.20106
-13.4691
-8.6617
4.48856
-11.1006
3.44718
-0.90742
1.33002
7.29878
-8.48826
1.2168
5.9727
-5.90604
-0.99106
1.11184
-0.441
-10.6594
-0.21932
-2.04772
-3.7609
0.223
4.54862
3.53128
4.03962
1.9497
-0.1943
-6.35184
8.8187
-8.71498
3.80294
6.6449
8.15162
-9.55374
-5.03074
-0.2142
5.83442
-2.63852
-4.20756
2.14862
5.90576
12.7424
9.38508
1.63328
-8.37144
2.11524
2.9617
0.5472
5.08884
10.822
4.45318
-3.78228
-1.46498
-1.33194
3.31202
-5.42332
5.03594
10.2218
12.3605
4.3682
-2.71894
-5.04024
7.88264
3.92712
3.18258
-12.2338
-7.3734
-11.3466
2.43034
6.89384
4.82624
8.19048
4.6461
14.2563
2.32762
-13.6914
4.98428
-2.67738
-8.42914
2.61838
-9.52464
-6.74826
0.64202
-5.84362
-2.45694
-8.9171
2.1258
-6.95496
6.17994
7.10676
5.51936
-4.58364
8.33988
3.95528
9.01846
-11.9952
1.91726
-2.54816
4.21784
-6.12938
0.20846
-5.00654
-2.4284
-12.0692
-0.1915
11.8466
3.70054
1.64802
-0.8039
-5.29888
-4.62216
-2.15308
10.6943
1.31626
0.86448
2.08212
-4.89088
-11.2921
-7.73696
-4.59424
4.74326
4.7233
4.70136
-1.26094
-5.1193
-0.47878
-12.5743
-12.3639
-10.0395
-6.2398
1.02806
0.05874
-7.06872
-6.37384
-6.76506
-5.27638
11.301
-2.83286
8.77522
-9.43986
-0.76554
-16.4325
1.88806
0.03516
7.80178
-2.06546
-0.69388
13.139
-6.71672
-3.75714
-4.97196
8.2752
10.474
4.09736
8.49886
-1.11304
0.45412
1.90106
-6.19098
-2.01992
5.86944
-4.9611
3.15952
3.1719
-5.3446
-10.1278
4.91324
11.7052
2.13956
5.05722
-0.72174
1.32004
0.0214
5.11056
9.6372
-2.8135
-6.35292
-8.68514
-6.44232
10.2285
0.43262
-10.7956
7.25502
9.20332
-4.81466
2.13156
-3.13882
3.67444
4.51522
3.619
-2.8001
-1.0955
-8.22184
-13.9509
-1.04506
0.02416
3.40846
1.35446
8.06168
-5.38232
-0.8233
7.9917
-7.97204
6.47886
-3.06
1.0659
-0.20828
4.03906
4.33754
0.31716
-8.13934
-3.8388
2.99876
1.52204
-10.1379
-2.24594
-0.75646
-7.56414
0.07604
0.6925
-1.5212
-0.44472
1.1883
-4.93164
1.62548
-6.45494
-1.51264
-7.36586
0.36134
6.11894
-1.85734
-13.4088
-0.82834
-6.42426
8.57982
-1.25174
3.74688
-0.4543
-4.98928
3.3675
-5.18294
6.15122
-0.06128
-8.86842
-0.0666
8.95756
-7.02886
-6.87116
-2.63556
-6.01452
-1.81836
-6.8875
9.48642
-7.69546
-2.60442
0.43272
2.1594
-2.91802
1.34052
2.12438
-5.69112
-1.80118
-1.10536
-0.8425
3.53876
-13.5321
2.50874
0.93632
-0.7162
6.81216
-2.95412
-7.723
-2.35762
-0.56138
-11.2109
7.2392
0.95144
-9.72126
-7.61694
0.86966
5.55196
2.59648
9.5064
-3.42584
-7.69554
3.35334
1.0169
-7.4065
-8.3943
-5.15452
-8.28254
-0.27368
-3.0206
4.15848
-3.03162
-6.76064
2.78694
0.54642
1.2736
-7.69648
2.04702
5.29182
-3.25278
-1.51148
-4.75084
0.62776
-12.1109
7.28468
-7.04684
7.36176
-12.8946
2.28664
-9.1788
1.72536
1.44436
4.22134
1.6591
2.45776
-5.53938
1.44216
0.50262
-7.59128
-1.50772
5.50464
-2.7477
3.40854
9.4245
-2.01864
-2.70976
4.28842
4.32182
-0.79278
8.85578
-9.36928
-1.53482
5.49886
5.1183
-1.27316
1.1594
-0.7579
-4.70578
-4.98586
0.92212
4.14958
20.255
-3.14154
7.55566
-5.84334
2.51684
-9.6123
-4.76774
2.43846
4.87528
-9.30208
-5.84808
-4.72718
-6.7478
-8.7236
-1.38808
9.49724
3.35642
6.78464
-3.55506
-4.14612
-2.8081
1.73518
-1.8094
-0.02164
0.02816
1.05892
1.54494
-6.69662
4.55108
-6.89668
-2.55626
-14.5128
6.5701
1.04392
0.7812
-15.9574
3.911
6.68206
2.36342
-2.46546
11.0291
5.59354
-2.60752
-0.31242
10.1902
-7.79102
-4.7745
-0.19246
-13.6356
9.4768
-3.64706
7.7699
3.33362
-0.84696
4.89062
7.56996
-3.78794
-0.20132
-1.32478
-3.33728
5.08132
-9.08064
-0.0644
-3.1378
-2.97958
2.61086
-6.63848
-1.59274
-0.3967
9.07532
1.52056
2.35848
-2.95432
4.02328
-9.95278
-5.49062
6.66638
-1.5095
3.79942
2.47064
-7.8701
1.35948
7.95118
-2.31654
-0.21536
-0.00846
-12.6088
1.58444
0.54706
-12.6962
2.63556
8.02306
6.30694
-7.06242
1.01462
-4.72728
0.66958
-1.9896
-5.2056
-3.57846
2.96738
-0.55116
-0.04678
-1.91442
-0.54454
-7.15044
-2.9213
-9.61104
2.91108
-2.05152
-6.0328
4.03192
8.68814
0.0633
-1.91954
9.66148
-3.59006
12.9031
-1.72614
5.12272
-1.2901
7.92746
-9.67716
-6.66978
11.5085
2.52796
-8.01874
-3.55464
4.1293
7.51304
-11.1089
-5.23078
3.33986
-2.02158
4.95322
-5.70856
-5.87952
-7.52158
-4.19414
-4.50706
0.62876
-7.85916
-1.24426
-5.34678
13.0076
1.88294
-1.83454
14.3962
0.72588
-3.75416
-5.48544
2.061
3.91554
17.6336
-5.86122
-1.08436
5.00708
-4.80054
2.17152
-7.20536
-1.2132
6.45868
-2.85886
-0.85826
-8.86664
-1.8859
-2.2532
-0.25204
8.70588
9.28582
3.22428
6.57406
7.67436
-1.07576
1.61662
1.2331
9.14162
0.87442
-6.85742
1.17826
13.8246
-4.35202
-13.3017
2.03536
-0.44992
10.4702
-0.58182
-2.46354
0.9139
8.31758
-2.49706
-2.81478
-7.02758
2.2226
-0.0791
-1.97086
5.63416
0.68298
8.87452
-11.8882
-4.95608
10.7466
8.89448
0.37704
10.6319
-0.74164
-0.87048
3.00266
9.96022
2.35514
1.67744
6.10544
-8.80686
-3.29108
-8.49236
-8.0569
-3.71312
-1.14776
-2.90482
4.72996
-8.5962
-3.50046
-3.05596
0.55912
-3.24684
1.30264
1.24418
1.78392
5.80582
-1.5102
4.38064
4.07282
2.58994
0.08952
0.7986
0.28028
9.74344
3.08004
6.15642
9.64864
7.33332
0.12438
8.38592
-3.45798
-2.72332
0.20518
0.89886
-8.42116
-0.36538
-10.0703
0.84398
-5.45156
0.87714
8.69648
5.5748
-0.79074
7.8182
-5.4567
2.52622
4.35678
-0.65
12.9711
-2.80024
2.3807
5.0931
-2.3827
0.2743
5.86382
-11.5685
-3.58244
-0.51742
-13.9398
-1.41032
3.02788
6.33846
17.4402
2.72796
-9.91906
-4.80536
15.8019
6.1089
2.40256
0.69138
3.91296
-2.4746
0.02338
-2.7406
2.37766
-3.78894
2.84928
-3.00676
3.6974
-1.78918
2.4252
-0.19992
-3.12114
-2.325
-1.5283
2.03714
1.3943
2.4241
-3.00084
-3.66164
-4.04964
-3.03718
6.7082
13.4392
4.06066
-4.03966
-4.70066
1.80824
0.24908
-0.7148
4.73576
-0.91454
1.03972
9.35092
0.57074
-6.12252
-9.78506
-4.51828
8.16572
4.79542
9.45766
5.81148
-7.96728
-9.52808
-2.37276
8.20652
-7.98232
1.8634
2.23142
-5.03116
3.51338
10.3546
2.39446
3.06386
-2.91608
-2.0453
-0.83492
7.5408
1.61658
-11.3923
4.51852
-5.11864
-0.52792
0.3841
10.3832
12.9004
1.17716
-5.47208
4.13264
0.55906
-9.37484
4.09338
-15.2382
4.02578
-3.1141
7.14202
-0.06336
9.2934
-6.27194
4.68894
1.57884
-20.9648
4.46274
-4.645
-7.08972
-7.82738
3.07936
0.29514
4.08686
-9.83018
-4.18946
14.3391
4.2907
-8.23354
2.71608
4.22524
-3.85592
4.1345
0.94656
-1.97298
5.5556
2.03164
-5.63894
-4.78706
4.9854
-1.03448
-1.17506
3.47466
-0.58508
1.47172
6.31894
0.8731
-2.43914
-0.08252
5.83822
-3.07432
0.99392
-5.97144
-6.72414
7.18012
1.80578
-4.0456
5.55424
-1.67034
1.48594
-7.13228
-3.35272
1.09766
-3.8173
-0.80318
12.4813
-9.23332
6.26466
-1.69294
2.11522
-3.84766
-3.5457
8.54106
9.92992
7.57688
0.93442
8.1672
-1.39228
-0.41118
3.76322
-1.28292
-4.25616
-1.49718
0.72786
0.14598
2.3409
-7.75314
-0.52664
-5.53332
0.57334
2.1256
-4.45884
-5.68002
7.52702
-4.2935
5.04202
-3.71148
0.7759
-0.55664
-4.59866
-7.59272
-3.36214
9.19414
8.15794
-0.66282
0.10602
-2.49428
2.33722
-2.2477
3.1021
1.56664
-3.53292
7.01256
1.0154
-5.83892
6.92026
4.31894
7.35876
6.3993
-1.69708
9.3709
6.8917
-0.66548
1.06476
-1.19298
-3.57702
-8.20256
-0.05918
11.1272
0.31724
-3.53936
0.8303
7.29522
2.78824
7.29782
6.52466
4.32618
0.14912
-1.1014
2.16606
2.43178
-3.27438
-2.4519
3.74796
-4.4118
7.43894
-15.9107
1.60878
4.98282
1.56334
8.7904
-4.08674
-7.87496
0.01648
10.47
11.5664
-3.2828
-1.54322
-0.39148
3.0979
4.34256
-4.59454
-8.38626
-6.3548
-4.90048
1.7384
-2.60292
-10.5886
7.1775
-9.18966
6.01528
-1.59558
4.78182
-4.34416
13.5239
1.7514
4.89564
-8.572
2.23004
9.53348
8.65586
-5.45962
-8.23102
2.04886
1.75718
-0.36922
-1.15932
-0.6128
6.64824
-1.1496
-4.62182
-3.48668
2.21734
-5.25794
-8.4592
4.69822
0.12706
-5.14742
-5.87988
3.82984
-11.3243
16.5596
-10.3245
-0.7569
4.65182
-5.0498
7.97486
4.44088
-1.6325
-1.20892
7.7213
-8.05122
-5.94092
-1.87172
-3.596
-6.43964
10.6936
-11.5017
2.8557
-3.15384
7.4551
-5.55766
-5.1325
-2.52144
-1.22886
3.33044
-8.8879
-6.8488
-1.05456
-5.50964
6.53922
-1.39856
0.78172
-7.67028
3.28908
-7.26738
-0.28526
12.3129
3.38392
3.11384
3.91006
3.99548
6.44246
-7.98932
-10.8631
-2.09746
-5.0918
-0.07022
1.51932
6.09286
-4.5919
0.78262
0.28432
1.13982
0.01832
-7.83216
-3.50404
-6.47236
-7.579
1.7723
4.41696
5.17964
-1.90684
-4.95256
1.31308
9.1215
-0.5202
3.6748
1.19002
8.44618
1.55504
-14.1546
-0.81236
12.394
0.27296
10.1345
-1.57802
1.9828
-1.42868
-5.07264
-1.0461
9.48016
3.94
6.38684
-1.8421
-1.8279
-0.4695
-7.45702
-8.53782
-1.80326
8.3585
-1.29242
4.21946
-3.07566
4.24438
-6.69312
0.61818
-6.4063
-3.59016
-5.65684
1.02482
3.4683
-1.54552
-3.18136
-0.02104
1.44678
5.40922
-2.39784
-10.9427
-5.74828
-4.77344
3.04204
7.20488
-12.407
0.55656
-13.934
2.45784
-0.90506
1.47306
8.87182
-3.32596
-1.4715
-7.72324
8.13206
4.56928
0.51674
-9.61702
4.29866
-1.37294
4.31076
-9.36048
9.27882
-9.2201
7.97668
1.85008
-1.34886
-3.47266
3.13196
2.05022
0.11576
-13.5147
7.12796
-8.39182
10.708
-18.6693
-3.73796
6.89868
8.87988
-1.92892
-4.72404
-8.0537
-9.96818
-6.88486
8.67816
-0.81732
-2.1854
-0.70752
-0.89864
-5.3214
4.3337
-7.23556
-8.28436
2.3987
2.34164
3.46748
6.14612
-1.97544
