0.351874
0.288274
0.334148
0.248291
0.342555
0.264856
0.275715
0.379577
0.292706
0.299428
0.382304
0.307541
0.291058
0.280991
0.314684
0.242124
0.245043
0.236864
0.315794
0.305957
0.284313
0.290524
0.333225
0.325421
0.302889
0.365753
0.242794
0.33491
0.24583
0.295608
0.207033
0.301559
0.33094
0.35355
0.194497
0.255898
0.335586
0.274682
0.252537
0.234111
0.306981
0.288973
0.370302
0.289836
0.204003
0.363006
0.36971
0.333235
0.289606
0.29556
0.289363
0.290442
0.322107
0.246714
0.343035
0.202401
0.269439
0.204851
0.283428
0.314941
0.235009
0.295537
0.385702
0.233241
0.251442
0.29645
0.240822
0.26671
0.246648
0.34612
0.33426
0.288626
0.193074
0.303777
0.302436
0.304626
0.297146
0.261193
0.275479
0.324393
0.317018
0.219146
0.288304
0.356553
0.305226
0.27653
0.294227
0.319816
0.243429
0.239405
0.351261
0.260541
0.299926
0.291699
0.315227
0.308334
0.287038
0.290154
0.197806
0.318954
0.287402
0.23101
0.273331
0.277073
0.283592
0.276013
0.29328
0.292492
0.22622
0.293796
0.27294
0.25718
0.269502
0.273373
0.272132
0.295628
0.304049
0.267876
0.29633
0.234905
0.260057
0.267472
0.275961
0.273614
0.322311
0.297883
0.292982
0.252637
0.319751
0.245691
0.251163
0.277953
0.318331
0.273433
0.268182
0.320444
0.327639
0.337162
0.2957
0.238902
0.278899
0.30197
0.258596
0.295279
0.291227
0.327776
0.271307
0.273768
0.265915
0.291691
0.292116
0.271931
0.275199
0.28536
0.247026
0.328508
0.29782
0.296567
0.291838
0.334657
0.253818
0.299253
0.329325
0.32547
0.286235
0.310414
0.205403
0.253076
0.320849
0.265277
0.265856
0.295143
0.259483
0.294248
0.297962
0.250453
0.293431
0.304555
0.317694
0.255596
0.30219
0.331766
0.294809
0.318253
0.275954
0.318198
0.273954
0.30139
0.211869
0.287894
0.299401
0.270808
0.251497
0.253367
0.289542
0.316527
0.265975
0.306834
0.263396
0.307357
0.307451
0.290641
0.252235
0.275738
0.289299
0.263413
0.281221
0.270833
0.286047
0.281825
0.280238
0.279925
0.29828
0.292088
0.279298
0.282609
0.281562
0.282329
0.26655
0.255745
0.291963
0.294828
0.290379
0.294955
0.290959
0.281911
0.276937
0.309516
0.301962
0.288282
0.292023
0.282349
0.290043
0.305148
0.289127
0.281027
0.31023
0.293977
0.310144
0.296667
0.292654
0.3173
0.311783
0.286222
0.286317
0.317819
0.270148
0.298501
0.287174
0.283628
0.30719
0.25105
0.301596
0.284123
0.305719
0.319695
0.284586
0.291069
0.29026
0.266433
0.305397
0.31357
0.264582
0.288867
0.279674
0.290283
0.302699
0.268549
0.295686
0.337157
0.291131
0.29127
0.334578
0.319593
0.292192
0.295034
0.284591
0.288203
0.306928
0.291956
0.281116
0.290997
0.273023
0.270792
0.294711
0.275022
0.298024
0.288491
0.288196
0.273198
0.292305
0.281458
0.265767
0.323216
0.292206
0.2953
0.300182
0.276512
0.269702
0.29001
