  0.19601792902589940     
  0.21456803154162582     
  0.27548462883923930     
  0.29933761473398857     
  0.27564207103472210     
  0.29241516637617304     
  0.28773155345041335     
  0.29142173925336096     
  0.28799945194644427     
  0.11630511381144579     
  0.22668236944069770     
  0.32724445224493015     
  0.30885341403614103     
  0.27845305787463365     
  0.29300454913012447     
  0.29277123774767805     
  0.28444747931543113     
  0.28689032066619369     
   8.5312053574677790E-002
  0.25835028790122017     
  0.33942960361992747     
  0.29046082814539631     
  0.29235087999796228     
  0.29626624995766754     
  0.29144260893677854     
  0.28636929086348012     
  0.28918309629273942     
   9.7822690593909037E-002
  0.30803039304294416     
  0.29665688671923518     
  0.29797518564161785     
  0.28972323384025234     
  0.29173481313218558     
  0.28848796387133729     
  0.28605463154559824     
  0.28679341276927972     
  0.31789700821185540     
  0.26406915683597798     
  0.29694058972771287     
  0.30159889829051467     
  0.27936625456160596     
  0.29636566033263728     
  0.28932513650903585     
  0.28844744017544799     
  0.28781584971062152     
   5.3976694849326781E-002
  0.15900727927962646     
  0.25172786195691055     
  0.27351323694551261     
  0.28936131205298310     
  0.28996066237998391     
  0.28551542719698675     
  0.28859170029949804     
  0.28985575737821717     
  0.30182170023673205     
  0.25817210225161036     
  0.29583456541051445     
  0.28893801385901735     
  0.27004699471514743     
  0.28359781062421124     
  0.28770820433921040     
  0.28930221343850004     
  0.28888006029296981     
  0.19379385504639496     
  0.21286108922936539     
  0.26341685323793129     
  0.29373215297828559     
  0.28172759273512737     
  0.28534869979216132     
  0.29161617879577534     
  0.28708010355952152     
  0.28832464686861270     
  0.34928929779848905     
  0.38088851054732742     
  0.25194950737428884     
  0.28413243721498771     
  0.29084089180063827     
  0.28757308472892423     
  0.28928464459094794     
  0.28666024602820783     
  0.28886212694158669     
  0.33268407373092590     
  0.23773606501266301     
  0.28446453880019940     
  0.28356893550719414     
  0.29003283650729011     
  0.28369928371147085     
  0.29237096471531848     
  0.28999377692635370     
  0.28885727200009059     
  0.23690393890590852     
  0.29545617232549087     
  0.29299041114327345     
  0.26258138562921962     
  0.29487809966360073     
  0.29378333564795350     
  0.28833574822420255     
  0.28872212010025677     
  0.28827306780506573     
   3.1390034548636293E-002
  0.22707924937429472     
  0.26856148759956699     
  0.25426733346475322     
  0.28791546561996162     
  0.27780625716213608     
  0.28851709576022078     
  0.28843314372284051     
  0.28897437285675881     
  0.25544877836113267     
  0.31927698257440262     
  0.28484482470071443     
  0.28577870353858698     
  0.30216929770440959     
  0.28684120273737806     
  0.29204337224637805     
  0.29023467016968224     
  0.28752101655285839     
  0.29423413142722599     
  0.28435802390184828     
  0.26815483898752945     
  0.27313070539292289     
  0.29440303626540876     
  0.29132255884294905     
  0.28708770310680326     
  0.29079364446084266     
  0.28839249834382080     
  0.34599119310926746     
  0.29772784921495177     
  0.29046355656694034     
  0.28813248391065677     
  0.29393777548510491     
  0.28877860153629969     
  0.28688240426615974     
  0.28677534365135826     
  0.28972239995810400     
  0.14734760386308340     
  0.22254820106203105     
  0.25858682495324326     
  0.31401159539360529     
  0.29306601215344075     
  0.28987919192684514     
  0.28940156608724310     
  0.28833972817556580     
  0.28901697083788791     
   9.3707872652189203E-002
  0.27071100485646216     
  0.29530524904007793     
  0.28016219555000438     
  0.27792073399786849     
  0.29364081995397850     
  0.29002138502445218     
  0.28751941873724912     
  0.29068460527207796     
  0.11706036256703173     
  0.27930285802064558     
  0.27257567042928360     
  0.27209629145132602     
  0.29173223757711036     
  0.29370297787050564     
  0.28554952124586330     
  0.28818485544417938     
  0.28827286242188849     
  0.14661807890812295     
  0.23067833143565242     
  0.27572919414698382     
  0.30924223630884817     
  0.28674602625053808     
  0.29812185394909296     
  0.28989359318287616     
  0.29071798508283209     
  0.28779012260536746     
  0.22152437957219359     
  0.29192457918882092     
  0.29930759638269416     
  0.27801971127068004     
  0.29054505317081830     
  0.28430626518762081     
  0.28304032591752998     
  0.28998430721577834     
  0.29085359910821440     
  0.17474933196148457     
  0.32089244561378438     
  0.29251212877697941     
  0.28795897009517307     
  0.29910037193136191     
  0.27675641371202425     
  0.28519405558569233     
  0.28889281082255452     
  0.28976015258574433     
  0.38127295804505296     
  0.26313843846590440     
  0.27163096882351007     
  0.27100010426216792     
  0.29013454969595487     
  0.29413873492791059     
  0.28466435635989551     
  0.28963878248485891     
  0.28880959699318848     
  0.37411057348717486     
  0.34288274312656275     
  0.32847104541944605     
  0.32210190136272709     
  0.28833543297710107     
  0.28455939912028172     
  0.29335369367359260     
  0.28835412343590905     
  0.28869789594013873     
  0.31502359008375180     
  0.22952866642727437     
  0.27586858366779943     
  0.26767479861650401     
  0.28154947403690761     
  0.28630190153874391     
  0.29457888658944076     
  0.28830915248179617     
  0.28987366287334743     
  0.32890333620233630     
  0.23247459549313443     
  0.25612270588575553     
  0.29647650647014923     
  0.27595797570132213     
  0.29457471374886152     
  0.28767529772966988     
  0.28821029591415409     
  0.28911060445850184     
  0.21409784225953224     
  0.29008631542816088     
  0.29132469869096167     
  0.30932723958769393     
  0.29190357003488027     
  0.29147705813812641     
  0.27817046833125508     
  0.28979416517187473     
  0.28756793611217712     
   5.4156472980584389E-002
  0.30074374039637680     
  0.31024069021656231     
  0.24776623209382323     
  0.29091537929701500     
  0.28706406976045945     
  0.28590608758355168     
  0.28843179340045816     
  0.29013604772608731     
   8.4263019820594462E-002
  0.23370501194870177     
  0.29413915870341600     
  0.29960385348625823     
  0.27969740933643411     
  0.28582862168946166     
  0.29088048373199521     
  0.29012574079395531     
  0.28757293910000015     
  0.23684653858870730     
  0.23607063015458452     
  0.30123893865742607     
  0.25497138802541991     
  0.30519349661709905     
  0.29457306178461234     
  0.28863346344668067     
  0.28842638172407797     
  0.29043819400111254     
  0.10622743743578786     
  0.27829847766454463     
  0.27380929610653154     
  0.28022570852172124     
  0.28702820365699011     
  0.28926165465831533     
  0.29173093520928373     
  0.28751664718392200     
  0.28798886666885004     
  0.12863517026209595     
  0.28819710620623223     
  0.26492801848004638     
  0.26929766587807835     
  0.28831862770238992     
  0.28176187573572592     
  0.29019853946715718     
  0.28822591993235069     
  0.28760963581679316     
  0.15324741690297983     
  0.35154107672170815     
  0.30117535265594886     
  0.29273475862806703     
  0.27679880237301541     
  0.28478175824957336     
  0.28521513399421661     
  0.28761564547190166     
  0.28771182651390137     
  0.24012873983958791     
  0.27354232817382673     
  0.31244662755618652     
  0.29478732254260082     
  0.29176685564259658     
  0.28337598381821311     
  0.28568322103177257     
  0.28746753804853797     
  0.28712279921081035     
   8.0676781710314768E-002
  0.20256955665578227     
  0.29571367842626700     
  0.28216376595219611     
  0.26894567982597078     
  0.28987913870689613     
  0.28987981702942878     
  0.28827217188964105     
  0.28946505210758305     
   9.2400997444596095E-002
  0.25126137178580726     
  0.27845114083939160     
  0.28744519976646438     
  0.28708323309537981     
  0.29281133451213920     
  0.28628047900572012     
  0.28897707601836464     
  0.29068993309648899     
  0.34209555502731764     
  0.31684571938415296     
  0.28090308634748201     
  0.29340746703726944     
  0.28261821917313340     
  0.28982863890861188     
  0.28853386468353093     
  0.28962270878425062     
  0.28845734920916438     
  0.14913440755246976     
  0.27312079396897343     
  0.23584734970887708     
  0.29604667550463698     
  0.28597254565583119     
  0.28740509283190563     
  0.28866585776231879     
  0.28652983406318194     
  0.28725248125869102     
  0.31432928934235854     
  0.23191650461950450     
  0.28381668910897034     
  0.28409587534156255     
  0.29282066143561802     
  0.29649245669478286     
  0.28527369550725734     
  0.29130208464819557     
  0.28956922606361768     
  0.10907405699336352     
  0.29784833894204427     
  0.30079849406544323     
  0.28996420830608793     
  0.27063660997580535     
  0.29203305681991165     
  0.28752109096810202     
  0.28919928692213809     
  0.29026342695377455     
  0.24443549663073944     
  0.29303069505401652     
  0.30068312266058117     
  0.28611033424423687     
  0.29034105899192292     
  0.28894775432974712     
  0.28660541590081506     
  0.28871060110643448     
  0.28668992247064828     
  0.29966157275599253     
  0.24917748998649430     
  0.27232629478724690     
  0.29950354513530458     
  0.30146810963766724     
  0.28810173538248202     
  0.28458034614745809     
  0.28719881168955341     
  0.28779363984505274     
  0.23488072289574299     
  0.31634405618213257     
  0.30976510218157771     
  0.27130786087463876     
  0.28971457231439784     
  0.28380489479583287     
  0.28637087026181013     
  0.28679733650015282     
  0.28926548345132247     
  0.14411703740676990     
  0.28451822711999414     
  0.25644800935922446     
  0.27581584461949271     
  0.28408293075910312     
  0.29058409426549164     
  0.29036255230761726     
  0.29208147800215845     
  0.28852618909402611     
   7.6344774588090386E-002
  0.31431835529083102     
  0.29772492126706446     
  0.28112622358463224     
  0.27885065225102357     
  0.28621059701260171     
  0.28677142846013948     
  0.28895618351370128     
  0.28941835307810659     
  0.28381390832424674     
  0.27835330403787373     
  0.25764053484042737     
  0.27158326446451914     
  0.29986072260621160     
  0.28583026767133851     
  0.29066067969543502     
  0.28674332850606715     
  0.28908865185549182     
  0.29079122033020233     
  0.30277641580544062     
  0.28510873126015335     
  0.28278564303132048     
  0.28857828201739932     
  0.28730975880439891     
  0.28376228810240900     
  0.28960570340308456     
  0.28765579316678103     
  0.17317137906417426     
  0.32425877863014002     
  0.28952967574599170     
  0.28769076812324534     
  0.28786406253545122     
  0.28622880219834956     
  0.28602224176382746     
  0.28791069243228451     
  0.28968272093928926     
   6.5661902640279740E-002
  0.27045832173226342     
  0.29592624141382645     
  0.27250122918188019     
  0.29567172541374004     
  0.28875979817613850     
  0.29303528350251351     
  0.28931028428122324     
  0.28737765041295227     
  0.24385865275306060     
  0.30287179412117082     
  0.31650438271709319     
  0.28396922501648292     
  0.28961757763309764     
  0.28595126040441365     
  0.28869973168641477     
  0.28791434677004923     
  0.28925615277584094     
  0.21294077946246059     
  0.28971282206796434     
  0.24903382521376655     
  0.25816995053855135     
  0.28824893442064159     
  0.29710675290493793     
  0.28898920810891826     
  0.28611682090208401     
  0.28802846224260109     
  0.26475490419587183     
  0.30097863621867638     
  0.23627884192874918     
  0.27542108088197415     
  0.29457951585036829     
  0.29054637361067032     
  0.28904617772551539     
  0.28827353418735158     
  0.28962128036955948     
  0.24754993409284415     
  0.26230744355181190     
  0.28005482416165089     
  0.30854060192933408     
  0.27118671652193521     
  0.28373004655425549     
  0.29460266902167592     
  0.28972186307324144     
  0.28852299351226834     
  0.18302191424474798     
  0.22175081830912285     
  0.27619731721082408     
  0.28670317795225364     
  0.27394587264149672     
  0.28880092122648965     
  0.29425350798086525     
  0.28695487132015535     
  0.28873408128262557     
  0.17176987839271940     
  0.24481344922758966     
  0.30151601253814908     
  0.30230447426467394     
  0.27575011808198013     
  0.28816122867959970     
  0.28451080112182103     
  0.28919669548968030     
  0.28834799070356087     
  0.24313777080474680     
  0.27661911292943786     
  0.25590767730896341     
  0.29065807633103519     
  0.29027784782901694     
  0.28774654613732009     
  0.28709692282925858     
  0.28914573811586214     
  0.28824643507820974     
  0.18510710514008702     
  0.32522845034589037     
  0.30219104602307661     
  0.29441057906970053     
  0.26704529738436916     
  0.28658752587654091     
  0.28797275225831542     
  0.28810328287461423     
  0.28867916680579098     
   5.0227760963841482E-002
  0.16024397645365279     
  0.29130579587090849     
  0.28173424178019102     
  0.29393055934811940     
  0.28693574415259154     
  0.28728823893285804     
  0.28849035259983435     
  0.28815251097102623     
  0.16810373874678838     
  0.23506599952277626     
  0.30324677952939189     
  0.25689546871601388     
  0.28766809370687740     
  0.28976822745705616     
  0.28525253784389232     
  0.28717313246729498     
  0.28848897824313829     
   6.2608230990137195E-002
  0.22056485290139485     
  0.25811805148327460     
  0.29072264308661588     
  0.28797801874739765     
  0.29050585515345317     
  0.29097922793511932     
  0.28790277428543520     
  0.28952634271430333     
  0.10508152925606837     
  0.25375759292246541     
  0.29292481987111629     
  0.28228670223744723     
  0.29300338869157605     
  0.29059913045098024     
  0.28947266342355571     
  0.29250435317041834     
  0.28886269458870889     
  0.11451262026573611     
  0.16873596264045507     
  0.32569356003617056     
  0.28734395550744063     
  0.29110573991439792     
  0.29135197266925011     
  0.28207756433625109     
  0.28928155698902375     
  0.28808041459214773     
  0.23087929674385207     
  0.27195877656315565     
  0.29071793515086314     
  0.29580523539614839     
  0.28549347002526410     
  0.29731090191176407     
  0.28615753040467429     
  0.28660154184347286     
  0.28882015182169224     
   9.9777681343051663E-002
  0.30625031162514182     
  0.25034060700339028     
  0.29345626524528173     
  0.27591809238704224     
  0.28703234104245356     
  0.28236792859442855     
  0.29099992944691128     
  0.28923370601293857     
   7.2094112209651118E-002
  0.36481014561184788     
  0.33109467963540223     
  0.27617716498114980     
  0.27908556238021431     
  0.29044784046505023     
  0.28758974558206579     
  0.28661635104326766     
  0.28867134492518243     
  0.34706402543684045     
  0.22304885148281078     
  0.27130573674580721     
  0.29844964757925174     
  0.28319726852843885     
  0.29427569335687548     
  0.28936536195419205     
  0.28774022917841036     
  0.28843621212734327     
  0.37883526328319617     
  0.32841587846142750     
  0.28672588344442046     
  0.25954156007148510     
  0.29647504687316817     
  0.30616380809042648     
  0.28586154174679579     
  0.29163160053796067     
  0.28791150201954185     
  0.30744522811244152     
  0.22792235284950182     
  0.32636793179659390     
  0.29754253999396391     
  0.29106991711582836     
  0.28200347325117514     
  0.28885772499636647     
  0.28843490998472932     
  0.28796190552353967     
   4.2488965035744099E-002
  0.24694754419090109     
  0.29481905053760521     
  0.30064891611504529     
  0.28022205227021391     
  0.28679564373591149     
  0.28714058701721945     
  0.28630832007785756     
  0.28802910922316538     
  0.23331142057688942     
  0.29760391964245797     
  0.24526823328858846     
  0.26692137533037957     
  0.27790090465736911     
  0.28447214617657285     
  0.28909632371284538     
  0.29235726343159812     
  0.28846789507244069     
  0.26628506421711673     
  0.26193459645730838     
  0.27213346605740829     
  0.28150140995153983     
  0.28098001072403078     
  0.29287339213269947     
  0.28851654461112208     
  0.28933348454521912     
  0.28900047719932065     
  0.12161474051924992     
  0.22947308321643348     
  0.28609576999936503     
  0.29400170750724580     
  0.28836224401608063     
  0.29065249188040615     
  0.28359645521927890     
  0.28878430102403846     
  0.28691819885989739     
  0.25904812051273379     
  0.25535565908269336     
  0.32297445161468036     
  0.29227028182602244     
  0.30205752972129934     
  0.28964248279674942     
  0.28833936079543199     
  0.28854429933618930     
  0.28919514174043187     
   8.3631606820469467E-002
  0.25527461015439012     
  0.26346975148613699     
  0.27534423522958673     
  0.29012897349934197     
  0.28518577148007562     
  0.28978793370487160     
  0.28746371920677416     
  0.28973943595701551     
  0.12124655546485835     
  0.21996274840655089     
  0.28616672349875594     
  0.30372552392494989     
  0.28417723316263277     
  0.29063534002844438     
  0.29054171574286908     
  0.28806949589365805     
  0.28740049626063341     
  0.37104099872405100     
  0.28108128457354287     
  0.32473525908517636     
  0.28605179997020685     
  0.28337278107136116     
  0.27555939848546018     
  0.29242766401397785     
  0.28800357673510052     
  0.28805383619872127     
  0.21909610610491911     
  0.35987971618621006     
  0.28948716423556942     
  0.29346764584526647     
  0.28783113757746326     
  0.29037350190612499     
  0.28811261176421260     
  0.28566792437060401     
  0.28932558161892158     
  0.17541478306356004     
  0.30939060664085216     
  0.28370570211759538     
  0.30641906028833371     
  0.29011455841844375     
  0.28720386699806350     
  0.28977818300056751     
  0.28613668701955364     
  0.28879891964279003     
   1.9216224938891521E-002
  0.24808735047969541     
  0.31148536883001265     
  0.29739582569377587     
  0.30350108995278435     
  0.28841838383569152     
  0.28714214088523449     
  0.28943020740445524     
  0.28903997594634040     
  0.38875499936802987     
  0.25061323529394436     
  0.31521884375127118     
  0.28241607029676880     
  0.28484171501088679     
  0.28224961213309446     
  0.28710586294539020     
  0.29246611790636140     
  0.28919521909495705     
  0.11763025990489055     
  0.23497398774698780     
  0.32492810362694535     
  0.28603559928170386     
  0.28517946882762713     
  0.29166001019807131     
  0.28687475877212243     
  0.28675963668777205     
  0.28849057431809255     
  0.15220997224253535     
  0.33432992153844393     
  0.31944814007555145     
  0.30347972018739339     
  0.29500957733998667     
  0.28639216670158579     
  0.28487358413898739     
  0.28925558204038287     
  0.28847269649451590     
  0.24113688050868348     
  0.26224185593663263     
  0.30153944582026437     
  0.28224593199980508     
  0.28242975928089825     
  0.28732413934147721     
  0.28848984123701171     
  0.28797242622196584     
  0.29004687051375605     
  0.18491422067921742     
  0.17677992474637608     
  0.24160852581556519     
  0.25334594016495821     
  0.28933352997076639     
  0.28762137143723199     
  0.28607296026290102     
  0.29161569707278473     
  0.28875052227716469     
  0.22124677266378540     
  0.29249891957358920     
  0.27334894274092880     
  0.29883261269244504     
  0.30137196898118090     
  0.29128641117035947     
  0.28572792874078079     
  0.29072318708032652     
  0.28947862309708738     
  0.18948753057909801     
  0.31022550658954506     
  0.27523768734383991     
  0.28230484203265716     
  0.29455030522711451     
  0.29620754777546549     
  0.28703010116300748     
  0.28782088779672832     
  0.28988753312933324     
  0.36578760144072209     
  0.24748593806837296     
  0.23852779287886802     
  0.29903027757079964     
  0.28607609850496563     
  0.28984248021409492     
  0.28595808525172578     
  0.28900586379143250     
  0.28861618797949279     
  0.26790625063757911     
  0.27347165965063719     
  0.26196016086718754     
  0.28223556859325832     
  0.29655132079318031     
  0.29051886748535433     
  0.28301181690195204     
  0.28779079508168470     
  0.28909168131871676     
  0.33068728090119714     
  0.24836231364523259     
  0.25709324940128570     
  0.28563239695414472     
  0.28974053950046336     
  0.29040098655619956     
  0.28994543581248561     
  0.28833334114692455     
  0.28922717959690880     
  0.25285590983809414     
  0.34173675740474252     
  0.29722450053840865     
  0.29392162354950002     
  0.29447536328020252     
  0.28741808072789771     
  0.29299536482230681     
  0.28914247176338775     
  0.28927736932704595     
  0.26631856467294346     
  0.34629820055810073     
  0.27956275482658499     
  0.28403118839597374     
  0.29620236122006682     
  0.29137758564232363     
  0.29035290048053347     
  0.28705878701122695     
  0.28791893131259255     
  0.32946216273629647     
  0.14320946548510735     
  0.29297561828878543     
  0.28431264470957052     
  0.28376794412718026     
  0.28699601828492449     
  0.28903491885700322     
  0.29040467784948087     
  0.28794019962122297     
  0.24746710768408212     
  0.23130655508871267     
  0.29637697411197605     
  0.28684311796479889     
  0.29181356493231880     
  0.29304795083264351     
  0.29170276540474022     
  0.28930142378487628     
  0.29139297885514825     
  0.15626968032556970     
  0.12184807557941990     
  0.30813036877088679     
  0.27811891856118209     
  0.29305835030182753     
  0.29052249178862538     
  0.28535813192652948     
  0.28867907179210922     
  0.28911036002237656     
  0.23238613746086065     
  0.21144339526853628     
  0.31576981654539166     
  0.31694445783336112     
  0.28633753399066414     
  0.28222415131509265     
  0.29131415551781109     
  0.28679904804642437     
  0.28919957743722069     
  0.28649687686422493     
  0.30126597130274829     
  0.33219232728583614     
  0.28735641277002222     
  0.28036900097735290     
  0.29001292622825936     
  0.28802374080235743     
  0.29098375663969711     
  0.28665136097548960     
  0.34650102812808709     
  0.26165251389580357     
  0.29052720862687653     
  0.28873198207377176     
  0.30075774473796474     
  0.29510496587807050     
  0.29142979619296261     
  0.28829240856254890     
  0.28828362503156157     
   6.2231623508635939E-002
  0.27228937158963085     
  0.29469793143447071     
  0.30127914026390834     
  0.29546093802703050     
  0.28885996175519685     
  0.28652110040265921     
  0.28760591282360759     
  0.28852545517338385     
  0.30188161885706200     
  0.27001086683230985     
  0.28823552293048760     
  0.28440682093724651     
  0.29292461821567617     
  0.29125291113262813     
  0.28666140508031424     
  0.28840109618197868     
  0.28869954584268076     
  0.30904654633452749     
  0.16193371677879101     
  0.27896987777563403     
  0.27660271758394767     
  0.28984774279534659     
  0.29430922756515571     
  0.29454790482081433     
  0.28640429047827376     
  0.28875824939740574     
  0.37118457586965165     
  0.21992900959981812     
  0.22917902182167454     
  0.28373778048799880     
  0.28723823690179634     
  0.28150455138299801     
  0.28977134619705369     
  0.28858845878338618     
  0.28951464710441721     
