  0.51802749689968330     
  0.45414362854728885     
  0.45151566363547857     
  0.46208524833659864     
  0.48583462395844346     
  0.49937095957865962     
  0.54488540190952894     
  0.55700808746189900     
  0.53592118425181690     
  0.52386976914759464     
  0.47403704595027141     
  0.47259470714281954     
  0.51594366492608168     
  0.49918106324242817     
  0.49908410762496103     
  0.49763963928673466     
  0.52908495531536548     
  0.51765361601274906     
  0.45571177298829146     
  0.52073374638586001     
  0.48731650442796515     
  0.53274981584784742     
  0.54877743998924944     
  0.49279093917688771     
  0.48812878799693343     
  0.53115064771728204     
  0.51275790905167584     
  0.49285045404474914     
  0.54431906267259889     
  0.47849934216844853     
  0.53336703378270145     
  0.44626173163489913     
  0.52427679019225881     
  0.50442285032270495     
  0.52462790194252518     
  0.54299187651150382     
  0.47471007494683765     
  0.51433833481893299     
  0.53029757723519100     
  0.52027547502913463     
  0.50097006209726680     
  0.50964332273552082     
  0.49279805402466836     
  0.52626824569223773     
  0.48474239920558115     
  0.46174889234270861     
  0.54375943801072879     
  0.51499395434788464     
  0.46718607334775597     
  0.41320183098745311     
  0.44241965950401607     
  0.50770563037026084     
  0.48607541398322018     
  0.51042509491708865     
  0.55557768805193053     
  0.54640174298208288     
  0.55466896205113958     
  0.56356374042673263     
  0.49468260437586692     
  0.47483975777794468     
  0.44076591395793219     
  0.52037353350566229     
  0.44295698308244758     
  0.45488196244504642     
  0.57712404476335055     
  0.44908978351843087     
  0.47826091985248326     
  0.53279539933631459     
  0.49556660816977138     
  0.49156394965447431     
  0.55296737353699665     
  0.44661867693920504     
  0.48123199042809989     
  0.53704114560399741     
  0.50430567506667190     
  0.49718519452431509     
  0.53381829499711086     
  0.46073792021903964     
  0.49247893851509461     
  0.49087043747241366     
  0.52711724532505555     
  0.46999037377402020     
  0.54587638640157221     
  0.51188881584559631     
  0.50555071217196224     
  0.48596244868844030     
  0.52230633384931324     
  0.47882089154962615     
  0.46309086057910659     
  0.52711415426507180     
  0.48612253005211520     
  0.49009370173641409     
  0.49980407115193465     
  0.47340828461383122     
  0.47584855859780334     
  0.53566581964531990     
  0.51583156316821022     
  0.51588117027236635     
  0.52776851307967731     
  0.55309879317266286     
