  0.29933761473398857     
  0.30885341403614103     
  0.29046082814539631     
  0.29797518564161785     
  0.30159889829051467     
  0.27351323694551261     
  0.28893801385901735     
  0.29373215297828559     
  0.28413243721498771     
  0.28356893550719414     
  0.26258138562921962     
  0.25426733346475322     
  0.28577870353858698     
  0.27313070539292289     
  0.28813248391065677     
  0.31401159539360529     
  0.28016219555000438     
  0.27209629145132602     
  0.30924223630884817     
  0.27801971127068004     
  0.28795897009517307     
  0.27100010426216792     
  0.32210190136272709     
  0.26767479861650401     
  0.29647650647014923     
  0.30932723958769393     
  0.24776623209382323     
  0.29960385348625823     
  0.25497138802541991     
  0.28022570852172124     
  0.26929766587807835     
  0.29273475862806703     
  0.29478732254260082     
  0.28216376595219611     
  0.28744519976646438     
  0.29340746703726944     
  0.29604667550463698     
  0.28409587534156255     
  0.28996420830608793     
  0.28611033424423687     
  0.29950354513530458     
  0.27130786087463876     
  0.27581584461949271     
  0.28112622358463224     
  0.27158326446451914     
  0.28278564303132048     
  0.28769076812324534     
  0.27250122918188019     
  0.28396922501648292     
  0.25816995053855135     
  0.27542108088197415     
  0.30854060192933408     
  0.28670317795225364     
  0.30230447426467394     
  0.29065807633103519     
  0.29441057906970053     
  0.28173424178019102     
  0.25689546871601388     
  0.29072264308661588     
  0.28228670223744723     
  0.28734395550744063     
  0.29580523539614839     
  0.29345626524528173     
  0.27617716498114980     
  0.29844964757925174     
  0.25954156007148510     
  0.29754253999396391     
  0.30064891611504529     
  0.26692137533037957     
  0.28150140995153983     
  0.29400170750724580     
  0.29227028182602244     
  0.27534423522958673     
  0.30372552392494989     
  0.28605179997020685     
  0.29346764584526647     
  0.30641906028833371     
  0.29739582569377587     
  0.28241607029676880     
  0.28603559928170386     
  0.30347972018739339     
  0.28224593199980508     
  0.25334594016495821     
  0.29883261269244504     
  0.28230484203265716     
  0.29903027757079964     
  0.28223556859325832     
  0.28563239695414472     
  0.29392162354950002     
  0.28403118839597374     
  0.28431264470957052     
  0.28684311796479889     
  0.27811891856118209     
  0.31694445783336112     
  0.28735641277002222     
  0.28873198207377176     
  0.30127914026390834     
  0.28440682093724651     
  0.27660271758394767     
  0.28373778048799880     
