  0.27548462883923930     
  0.32724445224493015     
  0.33942960361992747     
  0.29665688671923518     
  0.29694058972771287     
  0.25172786195691055     
  0.29583456541051445     
  0.26341685323793129     
  0.25194950737428884     
  0.28446453880019940     
  0.29299041114327345     
  0.26856148759956699     
  0.28484482470071443     
  0.26815483898752945     
  0.29046355656694034     
  0.25858682495324326     
  0.29530524904007793     
  0.27257567042928360     
  0.27572919414698382     
  0.29930759638269416     
  0.29251212877697941     
  0.27163096882351007     
  0.32847104541944605     
  0.27586858366779943     
  0.25612270588575553     
  0.29132469869096167     
  0.31024069021656231     
  0.29413915870341600     
  0.30123893865742607     
  0.27380929610653154     
  0.26492801848004638     
  0.30117535265594886     
  0.31244662755618652     
  0.29571367842626700     
  0.27845114083939160     
  0.28090308634748201     
  0.23584734970887708     
  0.28381668910897034     
  0.30079849406544323     
  0.30068312266058117     
  0.27232629478724690     
  0.30976510218157771     
  0.25644800935922446     
  0.29772492126706446     
  0.25764053484042737     
  0.28510873126015335     
  0.28952967574599170     
  0.29592624141382645     
  0.31650438271709319     
  0.24903382521376655     
  0.23627884192874918     
  0.28005482416165089     
  0.27619731721082408     
  0.30151601253814908     
  0.25590767730896341     
  0.30219104602307661     
  0.29130579587090849     
  0.30324677952939189     
  0.25811805148327460     
  0.29292481987111629     
  0.32569356003617056     
  0.29071793515086314     
  0.25034060700339028     
  0.33109467963540223     
  0.27130573674580721     
  0.28672588344442046     
  0.32636793179659390     
  0.29481905053760521     
  0.24526823328858846     
  0.27213346605740829     
  0.28609576999936503     
  0.32297445161468036     
  0.26346975148613699     
  0.28616672349875594     
  0.32473525908517636     
  0.28948716423556942     
  0.28370570211759538     
  0.31148536883001265     
  0.31521884375127118     
  0.32492810362694535     
  0.31944814007555145     
  0.30153944582026437     
  0.24160852581556519     
  0.27334894274092880     
  0.27523768734383991     
  0.23852779287886802     
  0.26196016086718754     
  0.25709324940128570     
  0.29722450053840865     
  0.27956275482658499     
  0.29297561828878543     
  0.29637697411197605     
  0.30813036877088679     
  0.31576981654539166     
  0.33219232728583614     
  0.29052720862687653     
  0.29469793143447071     
  0.28823552293048760     
  0.27896987777563403     
  0.22917902182167454     
