  0.30172246838395705     
  0.29281292304677919     
  0.47849485202687880     
  0.50689975038388568     
  0.40270490101531092     
  0.70851126440552337     
  0.60016857076143659     
  0.51130600488032263     
  0.49896354918440511     
  0.56204675797403891     
  0.54093092409492916     
  0.30296859074718918     
  0.59116405053276233     
  0.32313529428324261     
  0.44487067908965344     
  0.48517038053775580     
  0.30175804564513709     
  0.41103568637387511     
  0.49296815811406819     
  0.47834674333846411     
  0.32878720926643856     
  0.42053504307632905     
  0.56164502928565030     
  0.51042953248865841     
  0.46524804145104892     
  0.51272321601076920     
  0.49705375396920076     
  0.54266945382918252     
  0.56482511944050373     
  0.59241795569767697     
  0.45667748933296931     
  0.46786214082775568     
  0.44907194641645198     
  0.43548513648401349     
  0.49665885007682548     
  0.44928103664722208     
  0.64144708059333511     
  0.64336704489477192     
  0.47039120076076962     
  0.53109010117378741     
  0.50759242597529308     
  0.50079333559762418     
  0.55278932812389259     
  0.47866166616077049     
  0.37144653296931246     
  0.49673880455767705     
  0.62797717994752411     
  0.66050870277968388     
  0.34748275444317323     
  0.37187228919862469     
  0.57203964369247828     
  0.55883504414656182     
  0.45931614987882036     
  0.51307975912047898     
  0.49739361325370013     
  0.59736414062384613     
  0.39504089414737376     
  0.46972227063995803     
  0.45451679181503635     
  0.66057764525456508     
  0.73269135658143947     
  0.47260749717029238     
  0.39248764828324684     
  0.51800685967328119     
  0.61472868099540323     
  0.45445547727632429     
  0.55986599666537218     
  0.37361657603289600     
  0.58159341256859520     
  0.44763746314109237     
  0.39368260509473862     
  0.49888021023709267     
  0.44718824846010435     
  0.54817301566509913     
  0.52994860639947883     
  0.52427984782189707     
  0.66835564925391266     
  0.47877725851994896     
  0.46952530977169915     
  0.34524935589739753     
  0.37070879583389060     
  0.49981716368982088     
  0.42158599660173340     
  0.56975750774722778     
  0.51921512940219283     
  0.69173106394081207     
  0.60020924041332835     
  0.50054117818941302     
  0.47347107652968146     
  0.63236792144277643     
  0.44298690321484280     
  0.49018338924955418     
  0.32370951638454204     
  0.61755882208021617     
  0.38797202329447955     
  0.41908743488853450     
  0.65147242860833543     
  0.35312374991220952     
  0.64757455873823122     
  0.44977234512046227     
