  0.56501883100126749     
  0.52229663933335446     
  0.46679642337971966     
  0.49188188436494712     
  0.48321600646420698     
  0.53197530963184514     
  0.52088927089626180     
  0.40820313592212698     
  0.42167006616951991     
  0.53742536857059342     
  0.57339517320546995     
  0.49710479789519607     
  0.51015772218482247     
  0.56294181954427258     
  0.44349285806516164     
  0.45198792733539928     
  0.47128914077149764     
  0.38897795024079901     
  0.41413865999900451     
  0.53141665009408146     
  0.53329803185766478     
  0.54338841051179332     
  0.45470091479975738     
  0.50486104019383027     
  0.44722914385035367     
  0.57669554656201594     
  0.53975081444249307     
  0.54790548031133435     
  0.46448277194781717     
  0.41491826737922383     
  0.58510246150002354     
  0.49966903052152756     
  0.43348429742156891     
  0.55026449594687721     
  0.50826373903548916     
  0.48577996704991872     
  0.45986787903219062     
  0.51831432047178172     
  0.53330707836186886     
  0.55864222709849642     
  0.48785330788751885     
  0.50811183631342538     
  0.58411404618180907     
  0.49399050142320949     
  0.48693616381425531     
  0.56951299667737543     
  0.52550190733369440     
  0.52129091688098861     
  0.47676943387273035     
  0.50666040107358723     
  0.42754552781381788     
  0.43472619711377797     
  0.45976183411751465     
  0.44988914931972024     
  0.52309797638973754     
  0.40112033580502071     
  0.42802698938713629     
  0.48560997323333949     
  0.55251093780873495     
  0.53715028562533418     
  0.50817540439223974     
  0.42980388765881511     
  0.49160687529490832     
  0.41938951353921050     
  0.43369827372465430     
  0.51461760489795383     
  0.46372220966875116     
  0.56949501320999907     
  0.57874634836136318     
  0.48589098207356779     
  0.46087520817397271     
  0.53265225148933282     
  0.51597313323153549     
  0.47388780570140404     
  0.55929576301217709     
  0.57272211387714667     
  0.50593357732384936     
  0.54133629069312628     
  0.52168882373652969     
  0.46469605382101953     
  0.49944049204846092     
  0.44754058208760533     
  0.59544812774866862     
  0.52860861983229590     
  0.51750921536194849     
  0.51876569123825222     
  0.55133893647322207     
  0.54994770215698263     
  0.55310904592084620     
  0.53892298979071374     
  0.47864062255146361     
  0.52950197591102388     
  0.45959471525619872     
  0.54972529183311503     
  0.40637300725521042     
  0.46235710126193896     
  0.54362648884327580     
  0.48725145590754187     
  0.55545272007274338     
  0.47792383303276936     
