  0.21456803154162582     
  0.22668236944069770     
  0.25835028790122017     
  0.30803039304294416     
  0.26406915683597798     
  0.15900727927962646     
  0.25817210225161036     
  0.21286108922936539     
  0.38088851054732742     
  0.23773606501266301     
  0.29545617232549087     
  0.22707924937429472     
  0.31927698257440262     
  0.28435802390184828     
  0.29772784921495177     
  0.22254820106203105     
  0.27071100485646216     
  0.27930285802064558     
  0.23067833143565242     
  0.29192457918882092     
  0.32089244561378438     
  0.26313843846590440     
  0.34288274312656275     
  0.22952866642727437     
  0.23247459549313443     
  0.29008631542816088     
  0.30074374039637680     
  0.23370501194870177     
  0.23607063015458452     
  0.27829847766454463     
  0.28819710620623223     
  0.35154107672170815     
  0.27354232817382673     
  0.20256955665578227     
  0.25126137178580726     
  0.31684571938415296     
  0.27312079396897343     
  0.23191650461950450     
  0.29784833894204427     
  0.29303069505401652     
  0.24917748998649430     
  0.31634405618213257     
  0.28451822711999414     
  0.31431835529083102     
  0.27835330403787373     
  0.30277641580544062     
  0.32425877863014002     
  0.27045832173226342     
  0.30287179412117082     
  0.28971282206796434     
  0.30097863621867638     
  0.26230744355181190     
  0.22175081830912285     
  0.24481344922758966     
  0.27661911292943786     
  0.32522845034589037     
  0.16024397645365279     
  0.23506599952277626     
  0.22056485290139485     
  0.25375759292246541     
  0.16873596264045507     
  0.27195877656315565     
  0.30625031162514182     
  0.36481014561184788     
  0.22304885148281078     
  0.32841587846142750     
  0.22792235284950182     
  0.24694754419090109     
  0.29760391964245797     
  0.26193459645730838     
  0.22947308321643348     
  0.25535565908269336     
  0.25527461015439012     
  0.21996274840655089     
  0.28108128457354287     
  0.35987971618621006     
  0.30939060664085216     
  0.24808735047969541     
  0.25061323529394436     
  0.23497398774698780     
  0.33432992153844393     
  0.26224185593663263     
  0.17677992474637608     
  0.29249891957358920     
  0.31022550658954506     
  0.24748593806837296     
  0.27347165965063719     
  0.24836231364523259     
  0.34173675740474252     
  0.34629820055810073     
  0.14320946548510735     
  0.23130655508871267     
  0.12184807557941990     
  0.21144339526853628     
  0.30126597130274829     
  0.26165251389580357     
  0.27228937158963085     
  0.27001086683230985     
  0.16193371677879101     
  0.21992900959981812     
