  0.84343322440000501     
  0.30172246838395705     
  0.56501883100126749     
  0.51802749689968330     
  0.52028754470661542     
  0.50403010042139440     
  0.50675020203844023     
  0.50239118822886497     
  0.50029960430122378     
  0.30885549380490218     
  0.29281292304677919     
  0.52229663933335446     
  0.45414362854728885     
  0.47481188668995034     
  0.48093396753706869     
  0.48661038211139085     
  0.49618007780037710     
  0.49936231668996311     
  0.37182730676767867     
  0.47849485202687880     
  0.46679642337971966     
  0.45151566363547857     
  0.49633563922430168     
  0.50231323552197626     
  0.49618670994782194     
  0.49495510008507032     
  0.50141461927550879     
  0.40582528902718501     
  0.50689975038388568     
  0.49188188436494712     
  0.46208524833659864     
  0.51583114798456686     
  0.50639208036644467     
  0.50989582372672038     
  0.50148696342532151     
  0.49842747864631892     
  0.48011128839446721     
  0.40270490101531092     
  0.48321600646420698     
  0.48583462395844346     
  0.50391454613744679     
  0.49498773740017188     
  0.50064509966775628     
  0.49412822201920992     
  0.49710805177314921     
  0.14839542256637209     
  0.70851126440552337     
  0.53197530963184514     
  0.49937095957865962     
  0.52546396381549121     
  0.50404507543690913     
  0.51427635229658086     
  0.49848832597144949     
  0.50081768144043315     
  0.53357555117096156     
  0.60016857076143659     
  0.52088927089626180     
  0.54488540190952894     
  0.51804708472719063     
  0.49401653043570609     
  0.49171508236309996     
  0.50053153403116735     
  0.49975819130723276     
  0.28611742992968775     
  0.51130600488032263     
  0.40820313592212698     
  0.55700808746189900     
  0.51745011235886706     
  0.52037883078822356     
  0.49847127727995022     
  0.49868235769261082     
  0.50004807636522830     
  0.64283992174428251     
  0.49896354918440511     
  0.42167006616951991     
  0.53592118425181690     
  0.48414301082862937     
  0.50938267166950912     
  0.49767173476907473     
  0.50401451721841373     
  0.49921856126949299     
  0.29115750451407019     
  0.56204675797403891     
  0.53742536857059342     
  0.52386976914759464     
  0.52639770809246067     
  0.50292908207995812     
  0.49947265775640165     
  0.50260934483381292     
  0.50106113828378773     
  0.69340253852035827     
  0.54093092409492916     
  0.57339517320546995     
  0.47403704595027141     
  0.49707397194729858     
  0.50262983016918084     
  0.50233145936931578     
  0.49846934205056292     
  0.49894386966881132     
  0.47030857842128881     
  0.30296859074718918     
  0.49710479789519607     
  0.47259470714281954     
  0.52735249897361081     
  0.50678443063344480     
  0.49123657263629394     
  0.49940529163221198     
  0.50161005578729667     
  0.65028914987150610     
  0.59116405053276233     
  0.51015772218482247     
  0.51594366492608168     
  0.50270109822355469     
  0.48247462850855044     
  0.49799377029411435     
  0.50121770768295548     
  0.49885338663581313     
  0.68912515940312014     
  0.32313529428324261     
  0.56294181954427258     
  0.49918106324242817     
  0.51663506406811843     
  0.49483546934837996     
  0.49556258053523211     
  0.50103711043279187     
  0.50202434433120025     
  0.59332372423190349     
  0.44487067908965344     
  0.44349285806516164     
  0.49908410762496103     
  0.51007633147315612     
  0.50086516831635741     
  0.49045674182308713     
  0.50330637692572378     
  0.50054347993236648     
  0.24442705157731873     
  0.48517038053775580     
  0.45198792733539928     
  0.49763963928673466     
  0.50427553233841083     
  0.49350929286073048     
  0.49891988078028332     
  0.50137226344687691     
  0.50234824853722215     
  0.57955900667884841     
  0.30175804564513709     
  0.47128914077149764     
  0.52908495531536548     
  0.46667067522689004     
  0.48774927858841871     
  0.49213086432046949     
  0.49771330253027535     
  0.50071470886307534     
  0.60915826580564525     
  0.41103568637387511     
  0.38897795024079901     
  0.51765361601274906     
  0.52984510024749709     
  0.50736156071578142     
  0.50535035405006101     
  0.49805218561601916     
  0.49917272207263425     
  0.64324635480721104     
  0.49296815811406819     
  0.41413865999900451     
  0.45571177298829146     
  0.50602433783674150     
  0.49415951203171937     
  0.50036190974186168     
  0.50057842463932356     
  0.49986705592573011     
  0.42579565274270564     
  0.47834674333846411     
  0.53141665009408146     
  0.52073374638586001     
  0.48290686303396357     
  0.51386954785938443     
  0.50430192529989137     
  0.49860322111486238     
  0.50103576871851663     
  0.42965555632039304     
  0.32878720926643856     
  0.53329803185766478     
  0.48731650442796515     
  0.48462836205580412     
  0.50126356447945397     
  0.49612272942504171     
  0.50539403691954821     
  0.49991863128871261     
  0.47945306869570742     
  0.42053504307632905     
  0.54338841051179332     
  0.53274981584784742     
  0.52255002825945029     
  0.52014676115142933     
  0.51128544201074644     
  0.50109969468668614     
  0.49917412731206806     
  0.61785246216605538     
  0.56164502928565030     
  0.45470091479975738     
  0.54877743998924944     
  0.52394211850542804     
  0.49765757427499802     
  0.51090404529378963     
  0.50221763220627680     
  0.49980803767765875     
  0.40931113401397684     
  0.51042953248865841     
  0.50486104019383027     
  0.49279093917688771     
  0.49704015108719740     
  0.50617215619251887     
  0.49744632710482334     
  0.49243840175477555     
  0.49990606255749431     
  0.60567144853505028     
  0.46524804145104892     
  0.44722914385035367     
  0.48812878799693343     
  0.50099077982810225     
  0.47932652047835828     
  0.49975316988950363     
  0.50231515223096779     
  0.50019132928400722     
  0.35817547849388448     
  0.51272321601076920     
  0.57669554656201594     
  0.53115064771728204     
  0.51598476045077868     
  0.51230891430315773     
  0.50743775884982067     
  0.49339761261824738     
  0.49724724776196388     
  0.60890822827066604     
  0.49705375396920076     
  0.53975081444249307     
  0.51275790905167584     
  0.51672654502843562     
  0.52052823547456006     
  0.49836661097246865     
  0.49512999080497822     
  0.50016791252515624     
  0.61735899064682476     
  0.54266945382918252     
  0.54790548031133435     
  0.49285045404474914     
  0.53587486079058844     
  0.49432780127633441     
  0.49209327393572100     
  0.49898029143460099     
  0.50200138109883330     
  0.68461299899484729     
  0.56482511944050373     
  0.46448277194781717     
  0.54431906267259889     
  0.49218681112316176     
  0.48966056175202838     
  0.50665795589153240     
  0.49214664169096112     
  0.50140968621720272     
  0.36809451096268891     
  0.59241795569767697     
  0.41491826737922383     
  0.47849934216844853     
  0.49692389206521576     
  0.51220659070954999     
  0.50268262947024611     
  0.49798371754102017     
  0.49847604822774405     
  0.68215770572052137     
  0.45667748933296931     
  0.58510246150002354     
  0.53336703378270145     
  0.47059658782906144     
  0.49350004301529982     
  0.48562858448645041     
  0.49746244584223476     
  0.50179711759300094     
  0.29959444285521658     
  0.46786214082775568     
  0.49966903052152756     
  0.44626173163489913     
  0.52935134584900134     
  0.49528735144312169     
  0.50322714250125788     
  0.50446497010756042     
  0.49690301503145917     
  0.67870842104845952     
  0.44907194641645198     
  0.43348429742156891     
  0.52427679019225881     
  0.48372341237076821     
  0.49035061008970887     
  0.49802673503784878     
  0.50140452606275110     
  0.50035025325841020     
  0.23468166880301433     
  0.43548513648401349     
  0.55026449594687721     
  0.50442285032270495     
  0.49399668227799298     
  0.50598483807069350     
  0.49484516797584205     
  0.50086644602586461     
  0.49922739995837401     
  0.88670670740611834     
  0.49665885007682548     
  0.50826373903548916     
  0.52462790194252518     
  0.48281771965400400     
  0.49887895759901141     
  0.51629193844207033     
  0.50273407844115314     
  0.49733038346811509     
  0.45814158492800905     
  0.44928103664722208     
  0.48577996704991872     
  0.54299187651150382     
  0.48806876411460576     
  0.50457439087843736     
  0.49662286546231083     
  0.50177720162541983     
  0.49945169707648746     
  0.45365736805622348     
  0.64144708059333511     
  0.45986787903219062     
  0.47471007494683765     
  0.50381292989072635     
  0.51324754350301305     
  0.49757771516141486     
  0.49518616969327750     
  0.50436891100553805     
  0.56067853832949377     
  0.64336704489477192     
  0.51831432047178172     
  0.51433833481893299     
  0.50495972581513837     
  0.49626298602275587     
  0.49166830977206988     
  0.50159433311735202     
  0.49644252345001222     
  0.46306365395039695     
  0.47039120076076962     
  0.53330707836186886     
  0.53029757723519100     
  0.49232522017782987     
  0.50779838485123641     
  0.51033743005528343     
  0.49446172731617283     
  0.49921692148612956     
  0.64302187441834324     
  0.53109010117378741     
  0.55864222709849642     
  0.52027547502913463     
  0.49409248422637492     
  0.48933530404302600     
  0.50262704467082708     
  0.49723493915760208     
  0.49846113149681970     
  0.47153407376762280     
  0.50759242597529308     
  0.48785330788751885     
  0.50097006209726680     
  0.47567124827283747     
  0.48855815579044093     
  0.50145068120917280     
  0.49501887368618741     
  0.50378005893136146     
  0.43494571249272229     
  0.50079333559762418     
  0.50811183631342538     
  0.50964332273552082     
  0.47602663206516471     
  0.49878675509233350     
  0.50335763260929800     
  0.50311392308466285     
  0.49921840945550777     
  0.31834090298844187     
  0.55278932812389259     
  0.58411404618180907     
  0.49279805402466836     
  0.49085600121011957     
  0.52490287827427695     
  0.49712698894487189     
  0.50366292204993601     
  0.50004745756661451     
  0.34049669742317484     
  0.47866166616077049     
  0.49399050142320949     
  0.52626824569223773     
  0.47019764915337692     
  0.50991374545814960     
  0.49643333272111528     
  0.49872682744022490     
  0.49799813038319030     
  0.53920056913067427     
  0.37144653296931246     
  0.48693616381425531     
  0.48474239920558115     
  0.52615120397362325     
  0.50322425584476616     
  0.49559023989898315     
  0.49922911422511940     
  0.49921645287470556     
  0.46510080529012443     
  0.49673880455767705     
  0.56951299667737543     
  0.46174889234270861     
  0.49158010010788605     
  0.50535582401855195     
  0.49216503343352397     
  0.49668095322512257     
  0.49640151725996517     
  0.60987941858689831     
  0.62797717994752411     
  0.52550190733369440     
  0.54375943801072879     
  0.51177495363347125     
  0.47961799308982089     
  0.50377840120237571     
  0.50612946398925629     
  0.50103113442199465     
  0.78647815490975181     
  0.66050870277968388     
  0.52129091688098861     
  0.51499395434788464     
  0.49340421917412347     
  0.50524315790356455     
  0.49076959751678650     
  0.50341061042722779     
  0.50014465396289698     
  0.45352445119799722     
  0.34748275444317323     
  0.47676943387273035     
  0.46718607334775597     
  0.53136362903056433     
  0.47435821093811020     
  0.50397380514143353     
  0.50008788484702615     
  0.49771406136834678     
  0.27527812608525354     
  0.37187228919862469     
  0.50666040107358723     
  0.41320183098745311     
  0.52222743801787364     
  0.50300657398301107     
  0.50358770043233381     
  0.49859329668442204     
  0.50009676167661754     
  0.50758194665307610     
  0.57203964369247828     
  0.42754552781381788     
  0.44241965950401607     
  0.50581653550041494     
  0.51994467250100029     
  0.49235195609777993     
  0.49899583103292044     
  0.49909998944697564     
  0.50268162623319090     
  0.55883504414656182     
  0.43472619711377797     
  0.50770563037026084     
  0.53096207982562604     
  0.51207284351342219     
  0.49725957422449779     
  0.50184662911616817     
  0.49919419595359527     
  0.78144717865942004     
  0.45931614987882036     
  0.45976183411751465     
  0.48607541398322018     
  0.49857649547437044     
  0.50499917526406157     
  0.49894456811174481     
  0.50191022394068663     
  0.49639220188846994     
  0.59801014871847435     
  0.51307975912047898     
  0.44988914931972024     
  0.51042509491708865     
  0.48372925719803855     
  0.51759098516966617     
  0.50018299275928657     
  0.49907452803889446     
  0.50055628153881360     
  0.51057151267268974     
  0.49739361325370013     
  0.52309797638973754     
  0.55557768805193053     
  0.51233222160790837     
  0.51261304343900382     
  0.50094564827857380     
  0.50402896486118509     
  0.49880304358939992     
  0.61738363976363342     
  0.59736414062384613     
  0.40112033580502071     
  0.54640174298208288     
  0.50460644326539295     
  0.50079786560191142     
  0.49898492576788700     
  0.50544628894868393     
  0.50023897544572316     
  0.85011300964365633     
  0.39504089414737376     
  0.42802698938713629     
  0.55466896205113958     
  0.48120556401919889     
  0.49115542058286982     
  0.50597312335238698     
  0.50390262002661346     
  0.50251940780121784     
  0.55852967025714395     
  0.46972227063995803     
  0.48560997323333949     
  0.56356374042673263     
  0.49911004975660933     
  0.48737268699019892     
  0.49352928253491118     
  0.50055990726131716     
  0.50021668792582474     
  0.70887733130477493     
  0.45451679181503635     
  0.55251093780873495     
  0.49468260437586692     
  0.50324508817721858     
  0.48489562063660474     
  0.50079371337872347     
  0.49921455384618763     
  0.49904123683415186     
  0.31206212277790629     
  0.66057764525456508     
  0.53715028562533418     
  0.47483975777794468     
  0.48366718800340713     
  0.48322976403103385     
  0.49235862015587328     
  0.49675574731336386     
  0.49997200508904166     
  0.69584940470067591     
  0.73269135658143947     
  0.50817540439223974     
  0.44076591395793219     
  0.50479046732538990     
  0.50095891251438629     
  0.49268402468719330     
  0.50087855042576535     
  0.50164983371477023     
  0.63637631177417930     
  0.47260749717029238     
  0.42980388765881511     
  0.52037353350566229     
  0.51384210472993097     
  0.51849467829066254     
  0.50089043168199709     
  0.50429445234385795     
  0.50181795470984214     
  0.59080167271571027     
  0.39248764828324684     
  0.49160687529490832     
  0.44295698308244758     
  0.49768515385548084     
  0.49610537420090639     
  0.49964711194552236     
  0.49983290069615272     
  0.50262785903102003     
  0.14941434580923743     
  0.51800685967328119     
  0.41938951353921050     
  0.45488196244504642     
  0.48692564417120227     
  0.49969052743883702     
  0.50634921307048075     
  0.49853887387890339     
  0.50125487769907440     
  0.59404194684150136     
  0.61472868099540323     
  0.43369827372465430     
  0.57712404476335055     
  0.53060511487734496     
  0.50101835505114489     
  0.51015370843311914     
  0.49868839984336100     
  0.49740017426018707     
  0.36752995735401822     
  0.45445547727632429     
  0.51461760489795383     
  0.44908978351843087     
  0.50123318293971031     
  0.50082540162649325     
  0.50053197108237124     
  0.49842440700156659     
  0.50059778380809106     
  0.57707768928557168     
  0.55986599666537218     
  0.46372220966875116     
  0.47826091985248326     
  0.49395802180450948     
  0.49152504665877950     
  0.49641075898014830     
  0.49302863618062809     
  0.49714541837079745     
  0.51492882402073281     
  0.37361657603289600     
  0.56949501320999907     
  0.53279539933631459     
  0.53806230637545538     
  0.48347009451615308     
  0.49441419704757850     
  0.50243877813806226     
  0.50182181616570198     
  0.32650435257861504     
  0.58159341256859520     
  0.57874634836136318     
  0.49556660816977138     
  0.51209431100656633     
  0.49601143838005085     
  0.50348706153511980     
  0.49596166756674026     
  0.50160790449710357     
  0.60881586196950843     
  0.44763746314109237     
  0.48589098207356779     
  0.49156394965447431     
  0.49222677443149465     
  0.50732897573711722     
  0.50315529129306880     
  0.50061888648870401     
  0.49941692758843531     
  0.41544485429674971     
  0.39368260509473862     
  0.46087520817397271     
  0.55296737353699665     
  0.51940721270584600     
  0.50378507324427801     
  0.49934774537872095     
  0.50538237043843093     
  0.49824080479027816     
  0.54269329878037631     
  0.49888021023709267     
  0.53265225148933282     
  0.44661867693920504     
  0.49750175383867407     
  0.49147480443138025     
  0.49684688737228427     
  0.49630811652140677     
  0.49801276814784873     
  0.75029346352076665     
  0.44718824846010435     
  0.51597313323153549     
  0.48123199042809989     
  0.53673185970524528     
  0.49137216807277784     
  0.50051382600181882     
  0.50011968995675615     
  0.50218431689603982     
  0.22786903076137008     
  0.54817301566509913     
  0.47388780570140404     
  0.53704114560399741     
  0.51001466528259731     
  0.48584259441960914     
  0.50236499181279437     
  0.50052588320223768     
  0.49720842589934650     
  0.55274599038046379     
  0.52994860639947883     
  0.55929576301217709     
  0.50430567506667190     
  0.49418278546283023     
  0.49393098878065594     
  0.50352396046908121     
  0.49351260695709681     
  0.49561250630572784     
  0.33604286388271215     
  0.52427984782189707     
  0.57272211387714667     
  0.49718519452431509     
  0.46090089505198473     
  0.50579482894446726     
  0.49657799528486718     
  0.50311851830381571     
  0.49832968706708519     
  0.52024095068227150     
  0.66835564925391266     
  0.50593357732384936     
  0.53381829499711086     
  0.53168066215895926     
  0.49110954359633235     
  0.49851695506278421     
  0.49863597064714443     
  0.50248029935248817     
  0.76391163280035324     
  0.47877725851994896     
  0.54133629069312628     
  0.46073792021903964     
  0.47026201957709440     
  0.48807591755191687     
  0.50071744691759246     
  0.50380700657302191     
  0.49673672060934965     
  0.60635112930028290     
  0.46952530977169915     
  0.52168882373652969     
  0.49247893851509461     
  0.53572345545566535     
  0.50803062917357589     
  0.50792370931558795     
  0.50133391380025483     
  0.49826817664620227     
  0.62694669515237766     
  0.34524935589739753     
  0.46469605382101953     
  0.49087043747241366     
  0.45033335158428739     
  0.50048681712087550     
  0.50940340369617387     
  0.49830467148484514     
  0.49761475320745996     
  0.51998526885473140     
  0.37070879583389060     
  0.49944049204846092     
  0.52711724532505555     
  0.49642176569274721     
  0.50686842763896622     
  0.49780499828410246     
  0.49685141458574172     
  0.49777850464219642     
  0.59201744839774595     
  0.49981716368982088     
  0.44754058208760533     
  0.46999037377402020     
  0.47658729555005541     
  0.51042328069162224     
  0.49680364604904931     
  0.50552202765421594     
  0.49975491325550431     
  0.72622717797087011     
  0.42158599660173340     
  0.59544812774866862     
  0.54587638640157221     
  0.47576706239416500     
  0.51225089638105459     
  0.50420415271238350     
  0.50286802202530623     
  0.49890274659093453     
  0.34822909369468302     
  0.56975750774722778     
  0.52860861983229590     
  0.51188881584559631     
  0.49363515846845607     
  0.49488399442252518     
  0.50144328330306198     
  0.49690421942503410     
  0.50412523635172046     
  0.34248418819495435     
  0.51921512940219283     
  0.51750921536194849     
  0.50555071217196224     
  0.52055580924938716     
  0.51005796989103214     
  0.50501304812731673     
  0.50219203385255162     
  0.49527177727842819     
  0.58156632681261355     
  0.69173106394081207     
  0.51876569123825222     
  0.48596244868844030     
  0.48687844880002729     
  0.50873475697100556     
  0.50139041986412725     
  0.49963240971037581     
  0.49976258933391104     
  0.64701039406985872     
  0.60020924041332835     
  0.55133893647322207     
  0.52230633384931324     
  0.49891991853936479     
  0.49736234709172705     
  0.49837408990934484     
  0.49418398870498303     
  0.50314971493510929     
  0.46202363456491696     
  0.50054117818941302     
  0.54994770215698263     
  0.47882089154962615     
  0.49050834464622417     
  0.48752234236559422     
  0.49629843946075347     
  0.49828628240751865     
  0.50223528782238214     
  0.54563203769584034     
  0.47347107652968146     
  0.55310904592084620     
  0.46309086057910659     
  0.47229787856882349     
  0.48139719920080432     
  0.49239065421710326     
  0.49818466298047792     
  0.50330257224856112     
  0.52281580886383139     
  0.63236792144277643     
  0.53892298979071374     
  0.52711415426507180     
  0.49906972452743947     
  0.50491100161388847     
  0.50036119080366204     
  0.49784066624516793     
  0.50007269631130402     
  0.56721150991661251     
  0.44298690321484280     
  0.47864062255146361     
  0.48612253005211520     
  0.50923128270360951     
  0.51418746500551105     
  0.51175268554068476     
  0.50030242310510931     
  0.49863979508356765     
  0.71245912185752724     
  0.49018338924955418     
  0.52950197591102388     
  0.49009370173641409     
  0.52611658360056535     
  0.49743037869026718     
  0.51200132458302372     
  0.50083111752522558     
  0.49858947527327430     
  0.73184101514955024     
  0.32370951638454204     
  0.45959471525619872     
  0.49980407115193465     
  0.50881519768367434     
  0.48207175448051376     
  0.49911613899279833     
  0.49494761345152316     
  0.49835776742562754     
  0.32888422765391906     
  0.61755882208021617     
  0.54972529183311503     
  0.47340828461383122     
  0.54585349287755180     
  0.50695026884183836     
  0.49733294428158803     
  0.49690638079978305     
  0.49804858804382313     
  0.62086085585847195     
  0.38797202329447955     
  0.40637300725521042     
  0.47584855859780334     
  0.50449298682885624     
  0.48809812990362006     
  0.50027650154547243     
  0.49488384780398437     
  0.50006236959702088     
  0.36889645637977014     
  0.41908743488853450     
  0.46235710126193896     
  0.53566581964531990     
  0.51189361282053114     
  0.49380031173563727     
  0.49440078591463094     
  0.50162772297766922     
  0.49815469387236239     
  0.21995503150886161     
  0.65147242860833543     
  0.54362648884327580     
  0.51583156316821022     
  0.51889953654812082     
  0.50931844527640646     
  0.49412371681842804     
  0.50502291479078987     
  0.49687459600229794     
  0.28818863659771027     
  0.35312374991220952     
  0.48725145590754187     
  0.51588117027236635     
  0.50408951529859214     
  0.49191280698485584     
  0.49663417249025693     
  0.50074637584669190     
  0.49579884370579430     
  0.56095931759598427     
  0.64757455873823122     
  0.55545272007274338     
  0.52776851307967731     
  0.50722535263123014     
  0.49499761525150165     
  0.51216608577967726     
  0.50017695573141130     
  0.49925861400903310     
  0.56661601556588581     
  0.44977234512046227     
  0.47792383303276936     
  0.55309879317266286     
  0.51131690625240522     
  0.52027370610275592     
  0.49828898077848072     
  0.49703829429471258     
  0.49953560828848204     
